#  n   min [us]   max [us]  mean [us]    sd [us] measurements [us]
#  0      0.035      0.233      0.071      0.073      0.233      0.046      0.036      0.037      0.037      0.035
#  1      0.035      0.037      0.036      0.001      0.037      0.035      0.037      0.036      0.037      0.036
#  2      0.041      3.058      0.547      1.123      3.058      0.058      0.041      0.042      0.043      0.043
#  3      0.044      0.089      0.054      0.017      0.089      0.058      0.044      0.044      0.044      0.044
#  4      0.043      0.055      0.045      0.004      0.055      0.043      0.043      0.044      0.044      0.044
#  5      0.043      0.062      0.048      0.007      0.062      0.052      0.043      0.044      0.044      0.044
#  6      0.043      0.059      0.049      0.007      0.059      0.058      0.044      0.044      0.043      0.044
#  7      0.046      0.077      0.056      0.013      0.077      0.070      0.046      0.046      0.047      0.047
#  8      0.043      0.071      0.050      0.010      0.071      0.050      0.044      0.045      0.044      0.043
#  9      0.045      0.074      0.051      0.011      0.074      0.053      0.045      0.045      0.046      0.045
# 10      0.045      0.068      0.051      0.009      0.068      0.060      0.045      0.045      0.045      0.045
# 11      0.046      0.069      0.053      0.009      0.069      0.061      0.046      0.047      0.047      0.048
# 12      0.045      0.073      0.052      0.011      0.073      0.061      0.045      0.045      0.045      0.045
# 13      0.046      0.075      0.054      0.011      0.075      0.060      0.048      0.047      0.046      0.046
# 14      0.046      0.064      0.052      0.008      0.064      0.063      0.047      0.049      0.046      0.046
# 15      0.048      0.085      0.059      0.015      0.085      0.075      0.050      0.048      0.049      0.048
# 16      0.045      0.079      0.054      0.013      0.079      0.065      0.045      0.045      0.045      0.045
# 17      0.045      0.081      0.055      0.014      0.081      0.065      0.046      0.045      0.046      0.046
# 18      0.046      0.075      0.053      0.011      0.075      0.060      0.047      0.046      0.047      0.046
# 19      0.046      0.082      0.055      0.013      0.082      0.060      0.049      0.046      0.047      0.048
# 20      0.046      0.084      0.057      0.014      0.084      0.068      0.049      0.047      0.050      0.046
# 21      0.046      0.077      0.055      0.012      0.077      0.067      0.046      0.046      0.047      0.046
# 22      0.047      0.074      0.055      0.010      0.074      0.064      0.050      0.048      0.048      0.047
# 23      0.049      0.076      0.057      0.011      0.076      0.068      0.049      0.051      0.050      0.049
# 24      0.046      0.079      0.056      0.014      0.079      0.070      0.046      0.047      0.046      0.046
# 25      0.047      0.084      0.057      0.014      0.084      0.067      0.047      0.047      0.048      0.047
# 26      0.047      0.074      0.055      0.010      0.074      0.064      0.049      0.047      0.049      0.048
# 27      0.050      0.083      0.059      0.013      0.083      0.070      0.051      0.050      0.050      0.050
# 28      0.048      0.080      0.057      0.013      0.080      0.069      0.050      0.048      0.048      0.048
# 29      0.049      0.078      0.058      0.012      0.078      0.070      0.051      0.050      0.049      0.049
# 30      0.050      0.076      0.059      0.011      0.076      0.072      0.050      0.052      0.052      0.051
# 31      0.051      0.093      0.063      0.016      0.093      0.077      0.051      0.052      0.053      0.053
# 32      0.045      0.084      0.056      0.015      0.084      0.068      0.046      0.047      0.045      0.046
# 33      0.046      0.088      0.058      0.015      0.088      0.068      0.049      0.046      0.049      0.047
# 34      0.047      0.085      0.057      0.014      0.085      0.067      0.047      0.047      0.049      0.048
# 35      0.049      0.090      0.061      0.016      0.090      0.075      0.050      0.051      0.049      0.049
# 36      0.047      0.142      0.068      0.034      0.142      0.075      0.047      0.047      0.049      0.049
# 37      0.047      0.081      0.058      0.014      0.081      0.074      0.047      0.047      0.049      0.048
# 38      0.051      0.080      0.059      0.011      0.080      0.069      0.052      0.052      0.051      0.051
# 39      0.051      0.091      0.061      0.015      0.091      0.071      0.051      0.051      0.052      0.053
# 40      0.047      0.092      0.060      0.017      0.092      0.074      0.049      0.049      0.048      0.047
# 41      0.048      0.094      0.060      0.018      0.094      0.074      0.048      0.048      0.049      0.049
# 42      0.050      0.081      0.060      0.013      0.081      0.075      0.052      0.052      0.050      0.051
# 43      0.051      0.088      0.062      0.015      0.088      0.078      0.051      0.053      0.051      0.052
# 44      0.050      0.078      0.060      0.012      0.078      0.075      0.050      0.052      0.052      0.051
# 45      0.050      0.092      0.061      0.016      0.092      0.071      0.052      0.050      0.052      0.050
# 46      0.052      0.078      0.061      0.011      0.078      0.075      0.052      0.053      0.053      0.053
# 47      0.053      0.096      0.065      0.016      0.096      0.077      0.053      0.055      0.054      0.054
# 48      0.047      0.085      0.059      0.016      0.085      0.076      0.049      0.047      0.048      0.048
# 49      0.049      0.090      0.061      0.016      0.090      0.075      0.050      0.049      0.051      0.051
# 50      0.049      0.080      0.059      0.013      0.080      0.075      0.049      0.050      0.049      0.050
# 51      0.052      0.093      0.064      0.017      0.093      0.080      0.052      0.052      0.052      0.052
# 52      0.046      0.099      0.059      0.020      0.099      0.070      0.046      0.047      0.048      0.046
# 53      0.046      0.067      0.051      0.008      0.067      0.056      0.046      0.046      0.046      0.046
# 54      0.047      0.070      0.055      0.009      0.070      0.066      0.053      0.048      0.047      0.047
# 55      0.047      0.076      0.057      0.011      0.076      0.067      0.051      0.049      0.049      0.047
# 56      0.045      0.074      0.054      0.013      0.074      0.070      0.045      0.046      0.045      0.046
# 57      0.046      0.078      0.055      0.012      0.078      0.064      0.047      0.046      0.046      0.047
# 58      0.048      0.075      0.056      0.012      0.075      0.070      0.048      0.048      0.048      0.048
# 59      0.048      0.079      0.058      0.012      0.079      0.071      0.050      0.048      0.050      0.049
# 60      0.048      0.076      0.056      0.011      0.076      0.067      0.049      0.048      0.048      0.049
# 61      0.048      0.087      0.059      0.016      0.087      0.075      0.048      0.048      0.049      0.048
# 62      0.050      0.078      0.058      0.011      0.078      0.068      0.050      0.051      0.051      0.050
# 63      0.052      0.402      0.116      0.128      0.402      0.081      0.053      0.053      0.054      0.052
# 64      0.044      0.083      0.055      0.015      0.083      0.068      0.044      0.044      0.045      0.044
# 65      0.043      0.086      0.055      0.016      0.086      0.067      0.045      0.044      0.045      0.043
# 66      0.045      0.087      0.056      0.016      0.087      0.069      0.045      0.046      0.046      0.045
# 67      0.046      0.089      0.058      0.016      0.089      0.070      0.046      0.047      0.046      0.048
# 68      0.045      0.084      0.056      0.015      0.084      0.068      0.048      0.045      0.045      0.045
# 69      0.045      0.089      0.057      0.017      0.089      0.069      0.046      0.045      0.045      0.046
# 70      0.046      0.079      0.055      0.012      0.079      0.062      0.046      0.047      0.049      0.048
# 71      0.047      0.131      0.067      0.030      0.131      0.075      0.047      0.050      0.049      0.049
# 72      0.045      0.094      0.058      0.019      0.094      0.072      0.045      0.045      0.045      0.046
# 73      0.046      0.093      0.059      0.018      0.093      0.076      0.048      0.046      0.046      0.047
# 74      0.046      0.086      0.057      0.015      0.086      0.070      0.047      0.046      0.048      0.047
# 75      0.047      0.086      0.059      0.015      0.086      0.070      0.050      0.048      0.047      0.050
