#  n       min [cyc]       max [cyc]      mean [cyc]        sd [cyc] measurements [cyc]
#  0              48            6516        1135.500        2406.244            6516              72              60              63              48              54
#  1              51              78          58.000           9.434              78              51              60              54              51              54
#  2            2121            8871        3385.500        2461.576            8871            2724            2145            2250            2121            2202
#  3            1680            5802        2437.500        1506.165            5802            1836            1863            1752            1680            1692
#  4            1653            1908        1742.000          83.833            1908            1773            1722            1725            1653            1671
#  5            2787            4071        3280.500         457.343            4071            3648            3207            3174            2796            2787
#  6            2988            3924        3312.500         314.287            3924            2988            3297            3105            3465            3096
#  7            3627            4338        3964.000         213.911            4338            4050            3849            3945            3627            3975
#  8            2697            4131        3104.500         480.585            4131            3120            2970            2697            2961            2748
#  9            2409            3330        2587.000         333.799            3330            2424            2502            2448            2409            2409
# 10            2358            2730        2463.000         133.075            2730            2367            2535            2397            2391            2358
# 11            2709            2829        2772.000          48.713            2829            2826            2802            2742            2709            2724
# 12            2376            2559        2437.500          63.563            2559            2481            2406            2412            2376            2391
# 13            2709            2847        2769.500          48.572            2847            2721            2751            2811            2778            2709
# 14            2760            2934        2863.000          54.046            2934            2862            2868            2904            2760            2850
# 15            3078            3237        3170.500          49.429            3237            3171            3177            3207            3078            3153
# 16            2373            2481        2419.500          38.836            2481            2376            2418            2454            2373            2415
# 17            2670           10269        3981.500        2812.173            2784            2712            2670            2772            2682           10269
# 18            2415            2757        2528.000         109.005            2757            2523            2481            2526            2415            2466
# 19            2769            2955        2868.000          65.429            2835            2913            2955            2817            2769            2919
# 20            2481            2718        2561.500          81.745            2718            2481            2613            2499            2514            2544
# 21            2766            2844        2816.000          31.496            2844            2838            2832            2838            2766            2778
# 22            2751            2883        2812.500          44.657            2883            2820            2751            2811            2766            2844
# 23            3066            3192        3115.500          47.045            3162            3192            3066            3117            3078            3078
# 24            2418            2631        2524.000          68.162            2631            2574            2511            2535            2418            2475
# 25            2832            3888        3038.000         380.593            3888            2886            2877            2886            2832            2859
# 26            2799            2904        2845.500          32.160            2904            2856            2853            2829            2799            2832
# 27            3078            3243        3149.500          52.376            3243            3171            3111            3165            3078            3129
# 28            2862            3015        2930.500          49.399            2961            3015            2892            2913            2862            2940
# 29            3192            3297        3235.500          35.359            3297            3264            3207            3222            3192            3231
# 30            3168            3273        3200.000          35.228            3273            3204            3201            3174            3168            3180
# 31            3444            3579        3503.000          47.455            3579            3444            3537            3522            3456            3480
# 32            2430            2598        2507.000          58.600            2598            2508            2547            2520            2430            2439
# 33            2769            2865        2827.000          33.660            2865            2811            2838            2814            2865            2769
# 34            2760            2877        2803.500          36.814            2877            2817            2787            2793            2760            2787
# 35            3066            3141        3091.500          26.311            3141            3072            3111            3078            3081            3066
# 36            2757            2958        2847.000          64.807            2958            2886            2799            2862            2757            2820
# 37            3195            3237        3217.500          16.948            3201            3234            3231            3207            3237            3195
# 38            3201            3294        3240.000          30.790            3294            3201            3240            3249            3249            3207
# 39            3441            3600        3532.500          51.461            3582            3513            3600            3537            3522            3441
# 40            2772            3171        2874.500         138.026            3171            2772            2892            2784            2820            2808
# 41            3090            3261        3159.000          51.029            3261            3150            3162            3090            3147            3144
# 42            3057            3183        3107.000          38.562            3183            3102            3057            3117            3087            3096
# 43            3357            3429        3398.500          26.005            3399            3414            3372            3429            3357            3420
# 44            3102            3198        3148.500          34.062            3168            3198            3141            3171            3102            3111
# 45            3402            3549        3456.500          46.392            3549            3471            3447            3444            3402            3426
# 46            3357            3543        3459.000          55.073            3543            3480            3471            3456            3357            3447
# 47            3678            3774        3724.000          35.057            3774            3687            3714            3732            3759            3678
# 48            2769            2937        2846.000          54.406            2937            2883            2853            2832            2802            2769
# 49            3144            3231        3176.500          28.004            3231            3156            3189            3168            3171            3144
# 50            3090            3813        3246.500         254.944            3813            3162            3174            3129            3111            3090
# 51            3402            3561        3472.500          51.868            3561            3468            3513            3456            3435            3402
# 52            3111            3204        3140.500          34.004            3204            3117            3168            3123            3120            3111
# 53            3390            3513        3446.500          47.479            3513            3450            3504            3405            3417            3390
# 54            3417            3549        3465.000          45.266            3549            3444            3483            3417            3477            3420
# 55            3714            3894        3790.000          54.818            3894            3792            3798            3789            3714            3753
# 56            3189            3324        3231.000          44.430            3324            3198            3237            3216            3222            3189
# 57            3528            3690        3581.500          51.742            3690            3528            3579            3570            3576            3546
# 58            3489            3630        3559.500          52.898            3630            3537            3624            3564            3513            3489
# 59            3813            4005        3886.000          66.106            4005            3870            3933            3873            3822            3813
# 60            3462            3582        3500.000          43.186            3582            3462            3468            3531            3486            3471
# 61            3783            3930        3842.500          53.031            3897            3825            3930            3822            3783            3798
# 62            3726            3879        3778.500          51.051            3879            3780            3783            3777            3726            3726
# 63            4029            4173        4124.500          47.605            4128            4029            4164            4110            4143            4173
# 64            2715            2922        2798.000          62.394            2922            2790            2766            2799            2715            2796
# 65            3063            3153        3115.500          32.020            3150            3129            3153            3093            3063            3105
# 66            3069            3192        3117.000          44.396            3192            3141            3093            3138            3069            3069
# 67            3315            3498        3427.500          55.500            3444            3435            3423            3498            3315            3450
# 68            3048            3174        3110.000          43.463            3174            3150            3048            3123            3090            3075
# 69            3393            3486        3437.000          29.983            3486            3447            3417            3423            3393            3456
# 70            3375            3537        3451.500          47.109            3537            3441            3453            3456            3375            3447
# 71            3678            3861        3770.500          65.827            3861            3678            3786            3816            3690            3792
# 72            3111            3282        3203.000          52.440            3282            3111            3222            3222            3171            3210
# 73            3459            3609        3514.500          51.461            3609            3510            3468            3549            3459            3492
# 74            3468            4176        3633.500         247.104            4176            3468            3513            3585            3474            3585
# 75            3810            3921        3846.000          41.821            3921            3810            3816            3885            3822            3822
# 76            3471            3618        3545.500          44.410            3618            3546            3522            3567            3471            3549
# 77            3741            3900        3841.500          55.958            3870            3816            3741            3900            3822            3900
# 78            3756            3903        3815.000          51.284            3903            3798            3783            3864            3756            3786
# 79            4059            4176        4105.000          48.083            4164            4062            4176            4101            4059            4068
# 80            3054            3354        3145.500         102.202            3354            3066            3183            3096            3054            3120
# 81            3405            3459        3437.500          20.887            3459            3444            3414            3444            3459            3405
# 82            3387            3498        3440.000          45.978            3495            3402            3387            3498            3399            3459
# 83            3711            3759        3735.000          17.407            3756            3735            3726            3759            3711            3723
# 84            3342            3486        3431.000          43.635            3450            3486            3432            3435            3342            3441
# 85            3729            3795        3759.000          23.749            3783            3735            3753            3759            3729            3795
# 86            3735            3807        3774.500          26.349            3798            3765            3792            3750            3735            3807
# 87            4041            4149        4085.500          39.054            4149            4128            4041            4059            4065            4071
# 88            3405            3576        3465.500          56.243            3576            3474            3438            3480            3405            3420
# 89            3777            3840        3809.500          22.809            3792            3801            3837            3840            3777            3810
# 90            3720            3795        3755.000          26.870            3795            3750            3744            3786            3720            3735
# 91            3981            4119        4063.500          43.946            4095            4083            4056            4119            3981            4047
# 92            3732            3882        3815.000          52.269            3870            3882            3798            3831            3732            3777
# 93            4053            4188        4119.000          49.749            4161            4101            4053            4188            4146            4065
