#  n    min[us]    max[us]   mean[us]     sd[us] measurements[us]
#  0      0.116      0.429      0.150      0.387      0.429      0.119      0.119      0.118      0.119      0.119      0.119      0.116      0.119      0.119 
#  1      0.118      0.122      0.119      0.345      0.122      0.119      0.119      0.119      0.119      0.119      0.119      0.118      0.119      0.119 
#  2      0.118      0.123      0.119      0.345      0.123      0.119      0.118      0.119      0.119      0.119      0.119      0.119      0.119      0.118 
#  3      0.117      0.125      0.120      0.346      0.124      0.125      0.119      0.119      0.119      0.119      0.117      0.119      0.119      0.118 
#  4      0.117      0.123      0.119      0.345      0.123      0.119      0.119      0.118      0.119      0.119      0.117      0.119      0.119      0.119 
#  5      0.118      0.122      0.119      0.345      0.122      0.118      0.119      0.119      0.118      0.119      0.119      0.119      0.119      0.119 
#  6      0.118      0.125      0.120      0.346      0.124      0.125      0.119      0.119      0.119      0.119      0.119      0.118      0.119      0.119 
#  7      0.118      0.123      0.119      0.345      0.123      0.119      0.119      0.119      0.119      0.118      0.119      0.119      0.118      0.120 
#  8      0.117      0.124      0.119      0.345      0.124      0.119      0.117      0.119      0.119      0.118      0.119      0.119      0.119      0.119 
#  9      0.118      0.125      0.120      0.346      0.123      0.125      0.119      0.119      0.118      0.119      0.119      0.118      0.119      0.119 
# 10      0.118      0.123      0.119      0.345      0.123      0.119      0.119      0.118      0.119      0.119      0.119      0.119      0.119      0.119 
# 11      0.118      0.124      0.119      0.345      0.124      0.119      0.119      0.119      0.119      0.119      0.118      0.119      0.119      0.118 
# 12      0.118      0.125      0.120      0.346      0.123      0.125      0.118      0.119      0.119      0.119      0.119      0.119      0.119      0.118 
# 13      0.118      0.123      0.119      0.345      0.123      0.119      0.119      0.119      0.119      0.119      0.119      0.118      0.119      0.119 
# 14      0.118      0.122      0.119      0.345      0.122      0.118      0.119      0.119      0.118      0.119      0.119      0.119      0.119      0.119 
# 15      0.118      0.126      0.120      0.346      0.124      0.126      0.119      0.118      0.119      0.119      0.118      0.119      0.119      0.119 
# 16      0.117      0.124      0.119      0.345      0.124      0.119      0.117      0.119      0.119      0.118      0.119      0.119      0.119      0.119 
# 17      0.118      0.123      0.119      0.345      0.123      0.119      0.119      0.119      0.119      0.118      0.119      0.119      0.118      0.119 
# 18      0.118      0.122      0.119      0.345      0.122      0.119      0.119      0.119      0.118      0.119      0.119      0.118      0.119      0.119 
# 19      0.118      0.123      0.119      0.345      0.123      0.119      0.119      0.118      0.119      0.119      0.119      0.119      0.119      0.119 
# 20      0.118      0.126      0.120      0.346      0.124      0.126      0.119      0.118      0.119      0.119      0.118      0.119      0.119      0.119 
# 21      0.118      0.123      0.119      0.345      0.123      0.118      0.119      0.119      0.118      0.119      0.119      0.119      0.119      0.119 
# 22      0.118      0.123      0.119      0.345      0.123      0.119      0.119      0.119      0.119      0.118      0.119      0.119      0.118      0.119 
# 23      0.118      0.124      0.119      0.345      0.124      0.119      0.119      0.118      0.119      0.119      0.118      0.119      0.119      0.119 
# 24      0.118      0.123      0.119      0.345      0.123      0.119      0.119      0.119      0.119      0.119      0.119      0.118      0.119      0.119 
# 25      0.117      0.124      0.120      0.346      0.123      0.124      0.118      0.119      0.119      0.117      0.119      0.119      0.119      0.119 
# 26      0.118      0.123      0.119      0.345      0.123      0.118      0.119      0.119      0.119      0.119      0.119      0.119      0.118      0.119 
# 27      0.118      0.120      0.119      0.345      0.120      0.119      0.119      0.118      0.119      0.119      0.118      0.119      0.119      0.119 
# 28      0.118      0.123      0.119      0.345      0.123      0.119      0.119      0.118      0.119      0.119      0.119      0.119      0.119      0.119 
# 29      0.117      0.124      0.120      0.346      0.122      0.124      0.119      0.119      0.119      0.117      0.119      0.119      0.118      0.119 
# 30      0.118      0.122      0.119      0.345      0.122      0.118      0.119      0.119      0.118      0.119      0.119      0.119      0.119      0.119 
# 31      0.118      0.122      0.119      0.345      0.122      0.119      0.119      0.119      0.118      0.119      0.119      0.118      0.119      0.119 
# 32      0.118      0.126      0.120      0.347      0.125      0.126      0.119      0.118      0.119      0.119      0.119      0.119      0.119      0.119 
# 33      0.118      0.120      0.119      0.345      0.120      0.119      0.119      0.118      0.119      0.119      0.118      0.119      0.119      0.119 
# 34      0.118      0.125      0.120      0.346      0.124      0.125      0.119      0.119      0.119      0.119      0.118      0.119      0.119      0.118 
# 35      0.118      0.122      0.119      0.345      0.122      0.119      0.119      0.119      0.118      0.119      0.119      0.118      0.119      0.119 
# 36      0.118      0.119      0.119      0.345      0.118      0.119      0.119      0.118      0.119      0.119      0.119      0.119      0.119      0.119 
# 37      0.118      0.124      0.119      0.345      0.124      0.119      0.119      0.119      0.119      0.119      0.118      0.119      0.119      0.118 
# 38      0.118      0.125      0.120      0.346      0.123      0.125      0.118      0.119      0.119      0.119      0.119      0.119      0.119      0.118 
# 39      0.118      0.123      0.119      0.346      0.123      0.120      0.119      0.119      0.119      0.119      0.119      0.118      0.119      0.119 
# 40      0.118      0.122      0.119      0.345      0.122      0.118      0.119      0.119      0.118      0.120      0.119      0.119      0.119      0.119 
# 41      0.118      0.126      0.120      0.346      0.124      0.126      0.119      0.118      0.119      0.119      0.118      0.119      0.119      0.119 
# 42      0.117      0.124      0.119      0.345      0.124      0.119      0.117      0.119      0.119      0.118      0.119      0.119      0.119      0.120 
# 43      0.118      0.123      0.119      0.345      0.123      0.119      0.119      0.119      0.119      0.118      0.119      0.119      0.118      0.120 
# 44      0.117      0.122      0.119      0.345      0.122      0.120      0.119      0.119      0.118      0.119      0.119      0.117      0.119      0.119 
# 45      0.118      0.120      0.119      0.345      0.120      0.119      0.118      0.119      0.119      0.119      0.119      0.119      0.119      0.118 
# 46      0.118      0.124      0.119      0.345      0.124      0.119      0.119      0.119      0.119      0.119      0.118      0.119      0.119      0.118 
# 47      0.118      0.125      0.120      0.346      0.123      0.125      0.119      0.119      0.118      0.119      0.119      0.119      0.119      0.119 
# 48      0.117      0.123      0.119      0.345      0.123      0.120      0.119      0.119      0.119      0.119      0.119      0.117      0.119      0.119 
# 49      0.118      0.123      0.119      0.345      0.123      0.119      0.119      0.118      0.119      0.119      0.119      0.119      0.119      0.119 
# 50      0.118      0.125      0.120      0.346      0.124      0.125      0.119      0.119      0.119      0.119      0.118      0.119      0.119      0.118 
# 51      0.118      0.122      0.119      0.345      0.122      0.118      0.119      0.119      0.118      0.120      0.119      0.119      0.119      0.119 
# 52      0.118      0.123      0.119      0.346      0.123      0.119      0.119      0.120      0.119      0.118      0.119      0.119      0.118      0.120 
# 53      0.118      0.126      0.120      0.347      0.124      0.126      0.119      0.118      0.119      0.119      0.119      0.119      0.119      0.119 
# 54      0.118      0.124      0.119      0.345      0.124      0.119      0.119      0.118      0.119      0.119      0.118      0.119      0.119      0.119 
# 55      0.118      0.124      0.119      0.345      0.124      0.119      0.118      0.119      0.119      0.119      0.119      0.119      0.119      0.118 
# 56      0.118      0.124      0.120      0.346      0.122      0.124      0.119      0.119      0.119      0.118      0.119      0.119      0.118      0.119 
# 57      0.118      0.123      0.119      0.345      0.123      0.119      0.119      0.118      0.119      0.119      0.119      0.119      0.119      0.119 
# 58      0.118      0.122      0.119      0.345      0.122      0.119      0.119      0.119      0.118      0.119      0.119      0.118      0.119      0.119 
# 59      0.118      0.125      0.120      0.346      0.123      0.125      0.118      0.119      0.119      0.119      0.119      0.119      0.119      0.118 
# 60      0.117      0.120      0.119      0.345      0.120      0.119      0.117      0.120      0.119      0.118      0.119      0.119      0.119      0.119 
# 61      0.117      0.123      0.119      0.345      0.123      0.120      0.119      0.119      0.119      0.119      0.119      0.117      0.119      0.119 
# 62      0.118      0.126      0.120      0.346      0.124      0.126      0.119      0.118      0.119      0.119      0.118      0.119      0.119      0.119 
# 63      0.118      0.123      0.119      0.345      0.123      0.119      0.119      0.119      0.119      0.118      0.119      0.119      0.118      0.119 
# 64      0.118      0.124      0.119      0.345      0.124      0.119      0.118      0.119      0.119      0.118      0.119      0.119      0.119      0.119 
# 65      0.118      0.125      0.120      0.346      0.124      0.125      0.119      0.119      0.119      0.119      0.119      0.118      0.119      0.119 
# 66      0.118      0.124      0.119      0.345      0.124      0.119      0.119      0.118      0.119      0.119      0.118      0.119      0.119      0.119 
# 67      0.118      0.124      0.119      0.345      0.124      0.119      0.119      0.119      0.119      0.119      0.118      0.119      0.119      0.118 
# 68      0.118      0.123      0.119      0.345      0.123      0.118      0.119      0.119      0.119      0.119      0.119      0.119      0.118      0.119 
# 69      0.118      0.123      0.119      0.345      0.123      0.118      0.119      0.119      0.118      0.119      0.119      0.119      0.119      0.119 
# 70      0.118      0.125      0.120      0.346      0.123      0.125      0.119      0.119      0.118      0.119      0.119      0.118      0.119      0.119 
# 71      0.118      0.124      0.119      0.345      0.124      0.119      0.118      0.119      0.119      0.118      0.119      0.119      0.119      0.119 
# 72      0.118      0.119      0.119      0.345      0.119      0.118      0.119      0.119      0.119      0.119      0.119      0.119      0.118      0.119 
# 73      0.118      0.123      0.119      0.345      0.123      0.119      0.119      0.119      0.118      0.119      0.119      0.118      0.119      0.119 
# 74      0.118      0.125      0.120      0.346      0.124      0.125      0.119      0.119      0.119      0.119      0.119      0.118      0.119      0.119 
# 75      0.118      0.123      0.119      0.345      0.123      0.119      0.119      0.119      0.119      0.118      0.119      0.119      0.118      0.119 
# 76      0.118      0.124      0.119      0.345      0.124      0.119      0.118      0.119      0.119      0.119      0.119      0.119      0.119      0.118 
# 77      0.118      0.125      0.120      0.346      0.123      0.125      0.119      0.119      0.118      0.119      0.119      0.119      0.119      0.119 
# 78      0.118      0.123      0.119      0.345      0.123      0.119      0.119      0.118      0.119      0.119      0.119      0.119      0.119      0.119 
# 79      0.118      0.124      0.119      0.345      0.124      0.119      0.119      0.118      0.119      0.119      0.118      0.119      0.119      0.119 
# 80      0.118      0.125      0.120      0.346      0.124      0.125      0.119      0.119      0.119      0.119      0.118      0.119      0.119      0.118 
# 81      0.118      0.123      0.119      0.345      0.123      0.118      0.119      0.119      0.118      0.119      0.119      0.119      0.119      0.119 
# 82      0.118      0.123      0.119      0.345      0.123      0.118      0.119      0.119      0.119      0.119      0.119      0.119      0.118      0.119 
# 83      0.118      0.125      0.120      0.346      0.124      0.125      0.119      0.118      0.119      0.119      0.119      0.119      0.119      0.119 
# 84      0.118      0.124      0.119      0.345      0.124      0.119      0.118      0.119      0.119      0.119      0.119      0.119      0.119      0.118 
# 85      0.118      0.124      0.119      0.345      0.124      0.119      0.118      0.119      0.119      0.118      0.119      0.119      0.119      0.119 
# 86      0.118      0.124      0.120      0.346      0.122      0.124      0.119      0.119      0.119      0.118      0.119      0.119      0.118      0.119 
# 87      0.118      0.124      0.119      0.345      0.124      0.119      0.119      0.118      0.119      0.119      0.118      0.119      0.119      0.119 
# 88      0.118      0.123      0.119      0.345      0.123      0.119      0.119      0.119      0.119      0.119      0.119      0.118      0.119      0.119 
# 89      0.118      0.125      0.120      0.346      0.123      0.125      0.118      0.119      0.119      0.119      0.119      0.119      0.119      0.118 
# 90      0.118      0.123      0.119      0.345      0.123      0.119      0.119      0.119      0.119      0.118      0.119      0.119      0.118      0.119 
# 91      0.118      0.123      0.119      0.345      0.123      0.118      0.119      0.119      0.118      0.119      0.119      0.119      0.119      0.119 
# 92      0.118      0.123      0.119      0.345      0.123      0.119      0.119      0.118      0.119      0.119      0.119      0.119      0.119      0.119 
# 93      0.117      0.124      0.119      0.345      0.124      0.119      0.119      0.118      0.119      0.119      0.117      0.119      0.119      0.119 
