#  n    min[us]    max[us]   mean[us]     sd[us] measurements[us]
#  0      0.034      0.253      0.057      0.239      0.253      0.036      0.036      0.035      0.035      0.036      0.034      0.036      0.035      0.035 
#  1      0.033      0.037      0.036      0.189      0.033      0.037      0.037      0.035      0.036      0.036      0.035      0.036      0.037      0.036 
#  2      0.035      0.061      0.040      0.201      0.061      0.053      0.036      0.036      0.036      0.037      0.037      0.036      0.036      0.035 
#  3      0.035      0.047      0.038      0.195      0.047      0.038      0.035      0.036      0.038      0.038      0.036      0.037      0.038      0.037 
#  4      0.037      0.047      0.039      0.198      0.047      0.038      0.047      0.037      0.037      0.038      0.037      0.037      0.037      0.038 
#  5      0.038      0.055      0.041      0.202      0.055      0.038      0.040      0.039      0.039      0.039      0.041      0.039      0.039      0.039 
#  6      0.038      0.056      0.042      0.205      0.056      0.040      0.042      0.040      0.042      0.040      0.040      0.038      0.041      0.041 
#  7      0.040      0.057      0.043      0.207      0.057      0.040      0.043      0.041      0.042      0.041      0.041      0.041      0.041      0.042 
#  8      0.041      0.059      0.044      0.210      0.059      0.042      0.041      0.043      0.043      0.043      0.044      0.042      0.042      0.042 
#  9      0.042      0.059      0.045      0.212      0.059      0.044      0.042      0.044      0.044      0.043      0.043      0.042      0.044      0.043 
# 10      0.043      0.052      0.045      0.212      0.052      0.044      0.043      0.044      0.044      0.045      0.044      0.046      0.044      0.044 
# 11      0.042      0.055      0.046      0.214      0.055      0.045      0.045      0.046      0.045      0.045      0.043      0.045      0.042      0.045 
# 12      0.045      0.057      0.047      0.218      0.057      0.048      0.045      0.046      0.045      0.049      0.046      0.046      0.045      0.047 
# 13      0.046      0.063      0.052      0.228      0.057      0.055      0.054      0.063      0.046      0.050      0.048      0.049      0.049      0.051 
# 14      0.048      0.065      0.051      0.226      0.065      0.058      0.048      0.050      0.050      0.048      0.048      0.049      0.049      0.048 
# 15      0.049      0.066      0.052      0.229      0.066      0.059      0.049      0.050      0.049      0.050      0.050      0.051      0.050      0.049 
# 16      0.050      0.068      0.053      0.230      0.068      0.059      0.050      0.052      0.050      0.051      0.050      0.051      0.050      0.050 
# 17      0.050      0.067      0.054      0.232      0.067      0.060      0.053      0.051      0.051      0.051      0.053      0.051      0.050      0.052 
# 18      0.061      0.063      0.062      0.248      0.062      0.062      0.061      0.062      0.061      0.063      0.062      0.061      0.062      0.061 
# 19      0.051      0.077      0.055      0.235      0.077      0.051      0.052      0.052      0.055      0.053      0.053      0.052      0.054      0.052 
# 20      0.052      0.070      0.056      0.237      0.070      0.063      0.052      0.053      0.054      0.054      0.052      0.054      0.054      0.055 
# 21      0.063      0.065      0.064      0.254      0.065      0.065      0.065      0.063      0.063      0.065      0.065      0.065      0.064      0.064 
# 22      0.054      0.079      0.060      0.246      0.073      0.079      0.067      0.054      0.055      0.056      0.055      0.055      0.055      0.055 
# 23      0.055      0.080      0.061      0.247      0.068      0.080      0.068      0.056      0.055      0.058      0.056      0.058      0.056      0.057 
# 24      0.058      0.082      0.063      0.251      0.068      0.082      0.069      0.058      0.059      0.059      0.059      0.059      0.059      0.059 
# 25      0.058      0.084      0.064      0.253      0.069      0.084      0.072      0.059      0.059      0.059      0.061      0.059      0.059      0.058 
# 26      0.060      0.072      0.063      0.252      0.070      0.072      0.072      0.060      0.060      0.060      0.060      0.060      0.060      0.060 
# 27      0.060      0.085      0.066      0.257      0.072      0.085      0.074      0.060      0.061      0.063      0.062      0.061      0.062      0.062 
# 28      0.061      0.076      0.066      0.257      0.074      0.076      0.075      0.064      0.061      0.062      0.061      0.063      0.061      0.062 
# 29      0.064      0.087      0.069      0.262      0.075      0.087      0.076      0.064      0.064      0.064      0.064      0.064      0.064      0.064 
# 30      0.064      0.078      0.068      0.261      0.078      0.076      0.075      0.065      0.065      0.064      0.064      0.064      0.064      0.065 
# 31      0.063      0.090      0.069      0.263      0.084      0.090      0.065      0.064      0.064      0.066      0.066      0.063      0.063      0.066 
# 32      0.066      0.080      0.071      0.266      0.080      0.079      0.079      0.067      0.068      0.066      0.067      0.067      0.068      0.066 
# 33      0.067      0.093      0.072      0.269      0.079      0.093      0.079      0.067      0.068      0.067      0.068      0.067      0.067      0.068 
# 34      0.069      0.087      0.072      0.269      0.087      0.080      0.071      0.069      0.069      0.070      0.069      0.069      0.069      0.069 
# 35      0.069      0.094      0.075      0.273      0.081      0.094      0.082      0.069      0.069      0.071      0.071      0.069      0.069      0.070 
# 36      0.071      0.083      0.075      0.274      0.082      0.082      0.083      0.071      0.072      0.073      0.072      0.071      0.071      0.073 
# 37      0.071      0.096      0.077      0.277      0.081      0.096      0.085      0.071      0.071      0.073      0.072      0.073      0.072      0.073 
# 38      0.071      0.086      0.076      0.275      0.082      0.085      0.086      0.071      0.073      0.072      0.073      0.071      0.072      0.073 
# 39      0.073      0.098      0.079      0.281      0.085      0.098      0.086      0.074      0.074      0.073      0.076      0.074      0.073      0.074 
# 40      0.075      0.089      0.079      0.281      0.087      0.089      0.087      0.075      0.075      0.075      0.075      0.075      0.075      0.075 
# 41      0.075      0.101      0.079      0.282      0.091      0.101      0.075      0.075      0.075      0.076      0.076      0.075      0.075      0.075 
# 42      0.075      0.090      0.080      0.283      0.087      0.089      0.090      0.075      0.077      0.077      0.076      0.077      0.078      0.076 
# 43      0.077      0.101      0.082      0.287      0.087      0.101      0.092      0.077      0.078      0.079      0.079      0.077      0.077      0.078 
# 44      0.078      0.091      0.082      0.287      0.089      0.091      0.091      0.078      0.079      0.079      0.079      0.079      0.079      0.079 
# 45      0.078      0.105      0.085      0.291      0.090      0.105      0.094      0.080      0.078      0.080      0.080      0.080      0.081      0.079 
# 46      0.079      0.094      0.084      0.291      0.090      0.094      0.094      0.081      0.081      0.079      0.082      0.082      0.082      0.079 
# 47      0.080      0.109      0.086      0.294      0.098      0.109      0.081      0.082      0.082      0.083      0.083      0.080      0.082      0.082 
# 48      0.082      0.097      0.086      0.294      0.092      0.095      0.097      0.082      0.083      0.083      0.082      0.082      0.083      0.083 
# 49      0.083      0.109      0.089      0.298      0.093      0.109      0.099      0.084      0.084      0.083      0.084      0.085      0.084      0.084 
# 50      0.084      0.102      0.088      0.297      0.094      0.098      0.102      0.086      0.084      0.084      0.084      0.084      0.085      0.084 
# 51      0.085      0.111      0.091      0.302      0.097      0.111      0.102      0.086      0.086      0.086      0.085      0.086      0.087      0.085 
# 52      0.086      0.103      0.091      0.302      0.097      0.102      0.103      0.087      0.088      0.087      0.087      0.086      0.087      0.087 
# 53      0.087      0.114      0.094      0.306      0.100      0.114      0.104      0.087      0.089      0.089      0.089      0.088      0.089      0.089 
# 54      0.088      0.104      0.093      0.305      0.100      0.102      0.104      0.088      0.090      0.089      0.089      0.090      0.090      0.089 
# 55      0.090      0.115      0.095      0.309      0.108      0.115      0.090      0.092      0.090      0.092      0.092      0.091      0.090      0.092 
# 56      0.091      0.106      0.096      0.310      0.103      0.104      0.106      0.093      0.093      0.091      0.091      0.093      0.093      0.091 
# 57      0.092      0.118      0.097      0.311      0.110      0.118      0.092      0.092      0.094      0.092      0.094      0.093      0.093      0.092 
# 58      0.092      0.110      0.098      0.314      0.102      0.110      0.110      0.092      0.096      0.095      0.095      0.094      0.095      0.095 
# 59      0.094      0.120      0.100      0.316      0.104      0.120      0.110      0.094      0.095      0.094      0.094      0.097      0.096      0.096 
# 60      0.094      0.111      0.100      0.316      0.107      0.111      0.111      0.094      0.096      0.097      0.097      0.096      0.097      0.095 
# 61      0.096      0.122      0.101      0.318      0.106      0.122      0.111      0.096      0.096      0.096      0.096      0.097      0.096      0.097 
# 62      0.096      0.112      0.101      0.318      0.108      0.111      0.112      0.098      0.096      0.098      0.096      0.098      0.096      0.098 
# 63      0.098      0.125      0.103      0.322      0.117      0.125      0.098      0.099      0.099      0.099      0.101      0.099      0.099      0.099 
# 64      0.099      0.115      0.104      0.322      0.113      0.115      0.113      0.099      0.100      0.099      0.099      0.099      0.099      0.100 
# 65      0.100      0.127      0.106      0.325      0.113      0.127      0.114      0.100      0.100      0.100      0.100      0.101      0.102      0.102 
# 66      0.114      0.119      0.116      0.340      0.119      0.115      0.114      0.115      0.114      0.116      0.116      0.117      0.114      0.115 
# 67      0.115      0.119      0.116      0.340      0.119      0.115      0.116      0.115      0.115      0.116      0.115      0.115      0.115      0.115 
# 68      0.118      0.119      0.119      0.345      0.119      0.119      0.118      0.119      0.119      0.118      0.119      0.119      0.118      0.119 
# 69      0.120      0.121      0.121      0.348      0.120      0.121      0.121      0.121      0.121      0.121      0.121      0.121      0.121      0.121 
# 70      0.120      0.123      0.121      0.348      0.121      0.123      0.120      0.120      0.123      0.121      0.121      0.121      0.121      0.122 
# 71      0.121      0.122      0.122      0.349      0.122      0.122      0.122      0.121      0.122      0.122      0.122      0.121      0.122      0.121 
# 72      0.121      0.124      0.122      0.349      0.124      0.121      0.122      0.121      0.122      0.123      0.122      0.122      0.121      0.122 
# 73      0.124      0.127      0.125      0.354      0.124      0.124      0.125      0.127      0.127      0.124      0.125      0.127      0.127      0.124 
# 74      0.124      0.127      0.126      0.354      0.127      0.124      0.127      0.125      0.126      0.124      0.126      0.125      0.126      0.125 
# 75      0.127      0.128      0.128      0.357      0.128      0.128      0.128      0.128      0.127      0.128      0.128      0.127      0.128      0.128 
# 76      0.128      0.129      0.129      0.358      0.129      0.128      0.128      0.129      0.129      0.128      0.128      0.129      0.129      0.128 
# 77      0.129      0.131      0.129      0.360      0.129      0.129      0.130      0.129      0.129      0.129      0.129      0.131      0.129      0.129 
# 78      0.129      0.131      0.130      0.361      0.129      0.130      0.130      0.131      0.130      0.131      0.130      0.130      0.131      0.130 
# 79      0.129      0.134      0.133      0.365      0.129      0.134      0.134      0.133      0.134      0.134      0.133      0.134      0.134      0.132 
# 80      0.132      0.136      0.134      0.367      0.132      0.136      0.135      0.134      0.133      0.135      0.135      0.134      0.134      0.136 
# 81      0.132      0.137      0.136      0.368      0.132      0.135      0.136      0.137      0.135      0.135      0.137      0.137      0.136      0.135 
# 82      0.132      0.137      0.136      0.369      0.132      0.136      0.137      0.136      0.137      0.136      0.137      0.137      0.137      0.137 
# 83      0.134      0.139      0.137      0.371      0.134      0.139      0.139      0.136      0.137      0.138      0.138      0.136      0.138      0.139 
# 84      0.135      0.139      0.137      0.371      0.135      0.138      0.137      0.138      0.136      0.139      0.138      0.139      0.136      0.138 
# 85      0.135      0.138      0.138      0.371      0.135      0.138      0.138      0.138      0.138      0.138      0.138      0.138      0.138      0.138 
# 86      0.138      0.140      0.139      0.373      0.138      0.140      0.140      0.139      0.139      0.140      0.140      0.139      0.139      0.140 
# 87      0.139      0.141      0.140      0.374      0.139      0.139      0.140      0.141      0.141      0.139      0.139      0.141      0.141      0.140 
# 88      0.141      0.142      0.141      0.376      0.141      0.141      0.142      0.142      0.142      0.141      0.142      0.141      0.141      0.141 
# 89      0.142      0.144      0.143      0.378      0.142      0.143      0.143      0.144      0.144      0.143      0.142      0.144      0.144      0.143 
# 90      0.143      0.146      0.144      0.380      0.143      0.145      0.144      0.144      0.144      0.144      0.146      0.144      0.144      0.144 
# 91      0.142      0.147      0.146      0.382      0.142      0.147      0.146      0.147      0.147      0.146      0.147      0.146      0.145      0.146 
# 92      0.144      0.148      0.147      0.383      0.144      0.147      0.147      0.148      0.147      0.148      0.145      0.147      0.145      0.147 
# 93      0.144      0.148      0.147      0.384      0.144      0.148      0.148      0.148      0.147      0.146      0.147      0.148      0.148      0.147 
