#  n    min[us]    max[us]   mean[us]     sd[us] measurements[us]
#  0      0.078      0.377      0.120      0.346      0.377      0.155      0.100      0.089      0.078      0.079      0.079      0.079      0.080      0.080 
#  1      0.078      0.082      0.079      0.282      0.082      0.079      0.078      0.080      0.079      0.080      0.079      0.080      0.078      0.079 
#  2      0.078      0.104      0.082      0.287      0.104      0.086      0.079      0.078      0.080      0.079      0.080      0.079      0.080      0.078 
#  3      0.078      0.094      0.082      0.286      0.094      0.081      0.080      0.078      0.081      0.081      0.080      0.079      0.082      0.082 
#  4      0.081      0.113      0.086      0.293      0.113      0.090      0.083      0.081      0.082      0.082      0.082      0.082      0.082      0.082 
#  5      0.082      0.206      0.100      0.316      0.206      0.104      0.104      0.084      0.085      0.082      0.083      0.085      0.084      0.083 
#  6      0.085      0.102      0.088      0.296      0.102      0.087      0.085      0.086      0.086      0.087      0.087      0.085      0.085      0.086 
#  7      0.085      0.143      0.093      0.305      0.143      0.095      0.087      0.087      0.086      0.086      0.087      0.087      0.086      0.085 
#  8      0.087      0.111      0.090      0.301      0.111      0.089      0.089      0.087      0.088      0.089      0.089      0.087      0.087      0.089 
#  9      0.089      0.139      0.095      0.309      0.139      0.100      0.090      0.089      0.089      0.090      0.090      0.089      0.089      0.090 
# 10      0.090      0.100      0.091      0.302      0.100      0.090      0.091      0.090      0.091      0.090      0.090      0.090      0.090      0.090 
# 11      0.091      0.154      0.098      0.314      0.154      0.091      0.092      0.094      0.094      0.092      0.091      0.093      0.092      0.091 
# 12      0.093      0.111      0.097      0.311      0.111      0.106      0.095      0.094      0.094      0.095      0.095      0.093      0.093      0.094 
# 13      0.094      0.175      0.104      0.323      0.175      0.105      0.097      0.094      0.096      0.095      0.096      0.095      0.096      0.094 
# 14      0.097      0.114      0.100      0.317      0.114      0.109      0.097      0.098      0.098      0.098      0.097      0.098      0.098      0.098 
# 15      0.132      0.436      0.182      0.426      0.436      0.244      0.171      0.166      0.134      0.132      0.134      0.132      0.135      0.134 
# 16      0.135      0.151      0.139      0.373      0.151      0.146      0.139      0.135      0.137      0.136      0.137      0.136      0.137      0.135 
# 17      0.139      0.163      0.143      0.379      0.163      0.154      0.140      0.139      0.140      0.139      0.140      0.140      0.140      0.139 
# 18      0.140      0.157      0.145      0.380      0.157      0.157      0.143      0.141      0.141      0.140      0.142      0.141      0.143      0.142 
# 19      0.142      0.167      0.146      0.383      0.167      0.154      0.143      0.142      0.143      0.143      0.143      0.143      0.143      0.143 
# 20      0.144      0.160      0.148      0.385      0.160      0.158      0.145      0.144      0.146      0.146      0.147      0.144      0.145      0.144 
# 21      0.145      0.169      0.149      0.386      0.169      0.154      0.146      0.145      0.146      0.145      0.147      0.147      0.147      0.146 
# 22      0.147      0.157      0.151      0.388      0.154      0.157      0.157      0.150      0.149      0.147      0.149      0.149      0.149      0.148 
# 23      0.149      0.167      0.154      0.392      0.167      0.163      0.158      0.149      0.150      0.150      0.150      0.150      0.151      0.150 
# 24      0.151      0.160      0.154      0.393      0.159      0.160      0.159      0.152      0.153      0.153      0.152      0.151      0.153      0.152 
# 25      0.152      0.176      0.158      0.398      0.176      0.164      0.170      0.153      0.154      0.153      0.154      0.153      0.153      0.152 
# 26      0.154      0.163      0.158      0.397      0.162      0.163      0.163      0.157      0.156      0.155      0.155      0.156      0.154      0.155 
# 27      0.155      0.171      0.160      0.400      0.171      0.166      0.165      0.157      0.156      0.158      0.156      0.157      0.155      0.158 
# 28      0.157      0.167      0.160      0.400      0.166      0.167      0.166      0.157      0.158      0.158      0.158      0.158      0.158      0.158 
# 29      0.159      0.281      0.174      0.417      0.281      0.168      0.168      0.160      0.162      0.161      0.161      0.160      0.161      0.159 
# 30      0.160      0.172      0.164      0.405      0.168      0.172      0.172      0.161      0.163      0.160      0.161      0.161      0.161      0.160 
# 31      0.163      0.189      0.168      0.410      0.189      0.174      0.175      0.164      0.164      0.163      0.164      0.164      0.163      0.164 
# 32      0.166      0.177      0.170      0.412      0.174      0.176      0.177      0.167      0.167      0.168      0.166      0.167      0.167      0.167 
# 33      0.170      0.196      0.177      0.421      0.196      0.196      0.181      0.172      0.171      0.171      0.170      0.172      0.172      0.170 
# 34      0.174      0.196      0.179      0.423      0.181      0.182      0.183      0.196      0.174      0.174      0.174      0.175      0.174      0.174 
# 35      0.174      0.197      0.178      0.422      0.197      0.181      0.183      0.174      0.175      0.174      0.174      0.175      0.174      0.175 
# 36      0.175      0.186      0.179      0.423      0.184      0.186      0.184      0.175      0.177      0.177      0.176      0.176      0.178      0.178 
# 37      0.176      0.196      0.182      0.427      0.196      0.188      0.188      0.177      0.179      0.179      0.180      0.176      0.180      0.179 
# 38      0.180      0.189      0.183      0.428      0.189      0.189      0.189      0.180      0.181      0.180      0.182      0.180      0.180      0.181 
# 39      0.177      0.208      0.184      0.429      0.208      0.196      0.188      0.178      0.179      0.177      0.179      0.178      0.179      0.177 
# 40      0.180      0.190      0.183      0.428      0.188      0.189      0.190      0.181      0.181      0.180      0.181      0.181      0.180      0.180 
# 41      0.175      0.198      0.180      0.424      0.198      0.184      0.183      0.176      0.175      0.175      0.177      0.176      0.177      0.177 
# 42      0.176      0.185      0.180      0.424      0.185      0.185      0.185      0.178      0.178      0.178      0.176      0.177      0.178      0.178 
# 43      0.184      2.799      0.453      0.673      2.799      0.242      0.184      0.196      0.184      0.184      0.185      0.185      0.186      0.184 
# 44      0.188      0.284      0.199      0.446      0.284      0.197      0.196      0.188      0.188      0.188      0.188      0.188      0.188      0.188 
# 45      0.189      0.290      0.202      0.449      0.290      0.201      0.201      0.190      0.190      0.189      0.190      0.189      0.191      0.189 
# 46      0.192      0.295      0.204      0.451      0.295      0.201      0.192      0.193      0.193      0.193      0.192      0.192      0.193      0.193 
# 47      0.195      0.297      0.207      0.455      0.297      0.205      0.196      0.195      0.196      0.196      0.195      0.196      0.196      0.195 
# 48      0.196      0.301      0.209      0.457      0.301      0.208      0.198      0.196      0.197      0.197      0.197      0.198      0.197      0.197 
# 49      0.199      0.302      0.211      0.459      0.302      0.208      0.201      0.201      0.201      0.200      0.200      0.200      0.199      0.199 
# 50      0.200      0.303      0.212      0.461      0.303      0.211      0.200      0.202      0.202      0.202      0.201      0.201      0.202      0.201 
# 51      0.203      0.307      0.215      0.464      0.307      0.214      0.203      0.204      0.203      0.205      0.203      0.204      0.203      0.204 
# 52      0.206      0.309      0.218      0.467      0.309      0.215      0.207      0.206      0.207      0.207      0.207      0.207      0.206      0.207 
# 53      0.210      0.428      0.233      0.483      0.428      0.219      0.210      0.211      0.210      0.211      0.210      0.211      0.210      0.211 
# 54      0.213      0.316      0.225      0.474      0.316      0.224      0.214      0.214      0.214      0.214      0.213      0.213      0.213      0.213 
# 55      0.214      0.317      0.228      0.477      0.317      0.223      0.217      0.217      0.215      0.215      0.214      0.216      0.226      0.217 
# 56      0.219      0.322      0.231      0.481      0.322      0.230      0.219      0.220      0.221      0.220      0.220      0.220      0.220      0.221 
# 57      0.219      0.323      0.231      0.481      0.323      0.226      0.222      0.221      0.220      0.219      0.221      0.221      0.219      0.221 
# 58      0.222      0.323      0.234      0.483      0.323      0.231      0.223      0.223      0.223      0.222      0.222      0.223      0.224      0.223 
# 59      0.225      0.342      0.238      0.488      0.342      0.234      0.226      0.226      0.225      0.225      0.226      0.226      0.225      0.225 
# 60      0.225      0.330      0.238      0.487      0.330      0.235      0.228      0.227      0.226      0.225      0.227      0.227      0.225      0.226 
# 61      0.229      0.348      0.243      0.493      0.348      0.238      0.231      0.230      0.231      0.231      0.229      0.230      0.230      0.230 
# 62      0.231      0.337      0.244      0.494      0.337      0.241      0.233      0.232      0.233      0.232      0.233      0.232      0.233      0.231 
# 63      0.234      0.339      0.246      0.496      0.339      0.244      0.234      0.234      0.236      0.235      0.234      0.235      0.236      0.234 
# 64      0.235      0.340      0.248      0.498      0.340      0.247      0.238      0.238      0.237      0.237      0.238      0.238      0.236      0.235 
# 65      0.239      0.342      0.251      0.501      0.342      0.248      0.240      0.239      0.239      0.239      0.240      0.240      0.240      0.239 
# 66      0.249      0.343      0.259      0.509      0.343      0.250      0.250      0.249      0.250      0.249      0.249      0.249      0.249      0.249 
# 67      0.251      0.341      0.262      0.511      0.341      0.253      0.253      0.253      0.251      0.251      0.254      0.253      0.253      0.253 
# 68      0.253      0.341      0.264      0.513      0.341      0.255      0.254      0.256      0.256      0.253      0.255      0.256      0.255      0.255 
# 69      0.258      0.362      0.269      0.518      0.362      0.258      0.258      0.259      0.259      0.258      0.259      0.258      0.258      0.258 
# 70      0.261      0.350      0.271      0.520      0.350      0.262      0.262      0.261      0.262      0.262      0.261      0.262      0.261      0.262 
# 71      0.264      0.352      0.273      0.523      0.352      0.264      0.265      0.264      0.265      0.264      0.265      0.266      0.264      0.265 
# 72      0.264      0.352      0.274      0.524      0.352      0.267      0.265      0.266      0.266      0.265      0.264      0.267      0.267      0.265 
# 73      0.267      0.354      0.277      0.526      0.354      0.269      0.269      0.269      0.267      0.267      0.268      0.268      0.268      0.267 
# 74      0.270      0.356      0.279      0.528      0.356      0.271      0.270      0.271      0.270      0.271      0.270      0.271      0.270      0.271 
# 75      0.271      0.359      0.281      0.530      0.359      0.275      0.271      0.271      0.271      0.271      0.274      0.272      0.272      0.272 
# 76      0.273      0.361      0.283      0.532      0.361      0.275      0.275      0.275      0.276      0.273      0.273      0.275      0.274      0.273 
# 77      0.278      0.369      0.288      0.537      0.369      0.278      0.278      0.280      0.281      0.278      0.278      0.281      0.280      0.278 
# 78      0.279      0.366      0.289      0.537      0.366      0.281      0.280      0.280      0.279      0.282      0.282      0.279      0.280      0.280 
# 79      0.280      0.370      0.291      0.539      0.370      0.282      0.282      0.282      0.282      0.280      0.284      0.282      0.283      0.282 
# 80      0.284      0.373      0.294      0.542      0.373      0.286      0.284      0.286      0.284      0.285      0.285      0.285      0.285      0.285 
# 81      0.285      0.374      0.295      0.543      0.374      0.287      0.288      0.285      0.287      0.285      0.287      0.286      0.287      0.285 
# 82      0.289      0.377      0.299      0.547      0.377      0.289      0.291      0.291      0.289      0.290      0.290      0.291      0.290      0.289 
# 83      0.291      0.380      0.301      0.549      0.380      0.291      0.292      0.291      0.293      0.294      0.292      0.292      0.293      0.294 
# 84      0.294      0.382      0.303      0.551      0.382      0.294      0.295      0.294      0.296      0.294      0.295      0.294      0.295      0.295 
# 85      0.297      0.401      0.308      0.555      0.401      0.298      0.298      0.297      0.297      0.298      0.298      0.298      0.297      0.297 
# 86      0.299      0.387      0.309      0.556      0.387      0.300      0.301      0.301      0.301      0.299      0.301      0.299      0.301      0.300 
# 87      0.302      0.389      0.311      0.558      0.389      0.302      0.302      0.302      0.303      0.302      0.302      0.302      0.302      0.303 
# 88      0.304      0.394      0.314      0.560      0.394      0.306      0.306      0.306      0.304      0.305      0.305      0.306      0.304      0.305 
# 89      0.306      0.393      0.316      0.562      0.393      0.307      0.307      0.307      0.308      0.308      0.307      0.306      0.308      0.308 
# 90      0.309      0.395      0.318      0.564      0.395      0.309      0.310      0.309      0.311      0.309      0.309      0.310      0.309      0.311 
# 91      0.312      0.401      0.322      0.567      0.401      0.314      0.314      0.313      0.312      0.312      0.312      0.313      0.313      0.313 
# 92      0.313      0.401      0.323      0.568      0.401      0.316      0.314      0.314      0.315      0.314      0.314      0.315      0.313      0.314 
# 93      0.317      0.531      0.339      0.582      0.531      0.318      0.317      0.317      0.317      0.317      0.317      0.317      0.318      0.318 
