#  n   min [us]   max [us]  mean [us]    sd [us] measurements [us]
#  0      0.037      0.510      0.085      0.291      0.510      0.039      0.037      0.038      0.037      0.038      0.037      0.038      0.038      0.037 
#  1      0.037      0.041      0.038      0.195      0.038      0.038      0.037      0.038      0.037      0.038      0.037      0.038      0.040      0.041 
#  2      0.039      0.061      0.045      0.213      0.061      0.051      0.040      0.061      0.042      0.041      0.039      0.040      0.040      0.040 
#  3      0.044      0.071      0.051      0.225      0.071      0.056      0.067      0.045      0.045      0.044      0.045      0.045      0.045      0.044 
#  4      0.052      0.189      0.069      0.262      0.189      0.077      0.052      0.053      0.052      0.053      0.053      0.052      0.053      0.052 
#  5      0.057      0.130      0.066      0.257      0.130      0.059      0.059      0.060      0.060      0.057      0.059      0.060      0.060      0.059 
#  6      0.071      0.158      0.084      0.291      0.158      0.111      0.072      0.071      0.073      0.072      0.073      0.072      0.072      0.071 
#  7      0.094      0.227      0.113      0.336      0.227      0.139      0.096      0.095      0.096      0.094      0.094      0.095      0.095      0.095 
#  8      0.127      0.323      0.151      0.389      0.323      0.170      0.128      0.128      0.128      0.127      0.128      0.128      0.127      0.127 
#  9      0.190      0.363      0.215      0.463      0.363      0.236      0.213      0.191      0.190      0.191      0.191      0.190      0.192      0.190 
# 10      0.285      0.479      0.311      0.558      0.479      0.327      0.305      0.285      0.286      0.286      0.286      0.285      0.286      0.286 
# 11      0.455      0.739      0.490      0.700      0.739      0.503      0.459      0.457      0.456      0.455      0.455      0.459      0.458      0.456 
# 12      0.736      1.102      0.795      0.892      1.102      0.795      0.765      0.802      0.759      0.748      0.749      0.736      0.747      0.747 
# 13      1.139      1.432      1.180      1.086      1.432      1.197      1.174      1.159      1.140      1.139      1.139      1.140      1.139      1.140 
# 14      1.912      2.088      1.959      1.400      2.088      2.005      1.969      1.913      1.969      1.912      1.912      1.939      1.955      1.929 
# 15      2.884      3.135      2.913      1.707      3.135      2.902      2.886      2.887      2.884      2.888      2.888      2.885      2.885      2.887 
# 16      5.005      5.327      5.048      2.247      5.327      5.096      5.005      5.007      5.006      5.012      5.008      5.008      5.006      5.008 
# 17      7.652      8.427      7.794      2.792      8.107      7.712      7.673      7.662      7.652      7.657      7.655      7.740      7.657      8.427 
# 18     19.203     48.110     42.370      6.509     19.203     36.414     41.590     46.656     47.482     46.965     46.813     47.993     48.110     42.476 
# 19     45.878     64.916     50.512      7.107     64.916     61.578     56.772     46.326     45.938     45.894     45.895     46.042     45.881     45.878 
# 20     36.703    103.201     74.702      8.643     83.098     81.671     81.571     81.594     81.567    103.201     84.348     76.538     36.725     36.703 
# 21     56.538    154.623    109.783     10.478     56.961    117.161    125.002    125.283    125.016    124.966    125.237    154.623     87.039     56.538 
# 22     89.766     90.256     89.828      9.478     90.256     89.804     89.773     89.781     89.774     89.782     89.783     89.766     89.778     89.781 
# 23    137.854    138.134    137.912     11.744    138.134    137.866    137.899    137.908    137.909    137.856    137.891    137.865    137.935    137.854 
# 24    237.377    265.666    240.316     15.502    237.896    237.413    237.436    237.377    237.418    237.378    265.666    237.545    237.516    237.518 
# 25    365.402    394.585    368.477     19.196    365.834    365.562    365.520    365.597    365.589    365.445    365.633    365.601    394.585    365.402 
# 26    617.776    645.638    620.654     24.913    618.315    617.882    617.828    617.858    617.776    645.638    617.848    617.814    617.798    617.787 
# 27    964.217   1160.738   1082.250     32.898    964.217   1160.738   1061.603   1074.411   1144.002   1074.211   1109.746   1073.864   1086.708   1073.003 
# 28   1749.344   1766.713   1754.186     41.883   1758.079   1753.458   1749.691   1766.713   1760.473   1753.371   1749.487   1749.344   1751.715   1749.524 
# 29   2534.469   2794.932   2596.148     50.952   2794.932   2790.505   2572.169   2537.771   2539.966   2534.469   2536.649   2536.343   2577.009   2541.664 
# 30   4077.240   4568.641   4380.776     66.187   4078.443   4077.240   4080.178   4568.641   4538.047   4499.177   4493.643   4493.815   4493.707   4484.867 
# 31   6596.680   7292.749   6957.762     83.413   6841.672   6629.165   6643.027   6596.680   6600.976   7198.958   7292.749   7270.722   7245.196   7258.472 
# 32  10470.210  11738.580  10970.597    104.741  11523.950  10998.162  10471.934  11738.580  11533.263  11487.525  10471.394  10500.892  10470.210  10510.064 
# 33  17181.403  18966.193  18311.836    135.321  18477.431  18873.069  17456.390  17181.403  18966.193  18823.347  17842.216  17830.469  18841.024  18826.816 
# 34  28021.720  30084.253  29407.339    171.486  28374.359  29869.361  28021.720  29665.399  29857.187  30084.253  29800.687  29429.432  29516.582  29454.414 
# 35  46095.198  49151.098  47764.143    218.550  48291.412  46751.041  46095.198  49151.098  46303.486  48933.717  48477.686  47010.790  47809.652  48817.351 
# 36  72553.019  78244.105  75323.450    274.451  73872.516  75145.696  75666.558  75480.893  74924.135  78244.105  72553.019  74676.539  76233.485  76437.554 
# 37 123719.065 130329.422 128067.660    357.865 123719.065 129936.425 128246.751 127048.764 130044.439 130329.422 124880.183 130032.579 127672.918 128766.050 
# 38 194408.063 212491.883 202189.054    449.654 202424.672 204172.699 204140.953 199572.622 199858.313 194704.170 210274.238 212491.883 199842.930 194408.063 
# 39 322301.658 367398.374 338168.418    581.523 327379.402 367398.374 326888.853 324708.073 363748.528 327293.797 328738.632 365430.286 327796.581 322301.658 
