#  n   min [us]   max [us]  mean [us]    sd [us] measurements [us]
#  0      0.090      0.120      0.097      0.312      0.120      0.114      0.096      0.093      0.093      0.090      0.090      0.093      0.093      0.093 
#  1      0.090      0.096      0.092      0.304      0.093      0.090      0.096      0.093      0.093      0.093      0.090      0.090      0.093      0.093 
#  2      1.635      1.824      1.691      1.300      1.824      1.671      1.662      1.743      1.635      1.644      1.698      1.638      1.647      1.743 
#  3      1.923      2.019      1.975      1.405      1.998      2.004      2.001      1.947      1.938      2.019      1.935      1.923      2.016      1.971 
#  4      1.956      2.103      2.010      1.418      1.998      2.058      2.004      2.028      2.043      1.968      1.971      2.103      1.968      1.956 
#  5      2.214      2.367      2.272      1.507      2.367      2.265      2.241      2.313      2.238      2.214      2.298      2.232      2.238      2.319 
#  6      2.241      2.343      2.278      1.509      2.325      2.298      2.343      2.247      2.241      2.280      2.268      2.244      2.295      2.244 
#  7      2.514      2.628      2.578      1.606      2.625      2.628      2.550      2.586      2.598      2.514      2.544      2.595      2.550      2.589 
#  8      2.214      2.370      2.302      1.517      2.370      2.340      2.256      2.325      2.286      2.280      2.319      2.214      2.307      2.325 
#  9      2.532      2.664      2.600      1.612      2.628      2.664      2.610      2.532      2.601      2.646      2.565      2.583      2.610      2.562 
# 10      2.577      2.700      2.631      1.622      2.688      2.700      2.604      2.610      2.658      2.595      2.577      2.670      2.583      2.628 
# 11      2.856      2.976      2.902      1.704      2.976      2.934      2.859      2.928      2.865      2.865      2.919      2.898      2.856      2.922 
# 12      2.583      2.676      2.620      1.619      2.637      2.607      2.625      2.592      2.601      2.658      2.583      2.604      2.676      2.616 
# 13      2.862      2.961      2.900      1.703      2.934      2.961      2.889      2.865      2.919      2.889      2.898      2.904      2.877      2.862 
# 14      2.847      3.024      2.905      1.704      3.024      2.922      2.874      2.922      2.871      2.877      2.907      2.847      2.895      2.907 
# 15      3.099      3.225      3.178      1.783      3.210      3.225      3.204      3.186      3.099      3.216      3.147      3.168      3.174      3.150 
# 16      2.547      2.643      2.603      1.613      2.616      2.643      2.616      2.616      2.610      2.559      2.580      2.610      2.547      2.631 
# 17      2.856      2.997      2.926      1.711      2.997      2.976      2.868      2.919      2.931      2.856      2.910      2.970      2.868      2.970 
# 18      2.901      2.973      2.938      1.714      2.973      2.910      2.940      2.955      2.928      2.925      2.934      2.901      2.952      2.958 
# 19      3.213      3.321      3.249      1.803      3.219      3.321      3.213      3.237      3.225      3.255      3.246      3.294      3.216      3.267 
# 20      2.817      3.021      2.919      1.709      3.021      2.952      2.937      2.907      2.817      2.943      2.904      2.853      2.916      2.940 
# 21      3.180      3.255      3.224      1.796      3.255      3.225      3.252      3.243      3.180      3.237      3.180      3.246      3.243      3.180 
# 22      3.192      3.312      3.254      1.804      3.222      3.309      3.282      3.228      3.312      3.219      3.279      3.252      3.246      3.192 
# 23      3.444      3.597      3.520      1.876      3.597      3.525      3.444      3.555      3.477      3.543      3.552      3.474      3.459      3.573 
# 24      2.844      3.051      2.930      1.712      2.997      2.958      3.051      2.922      2.844      2.985      2.850      2.907      2.898      2.892 
# 25      3.198      3.333      3.259      1.805      3.303      3.306      3.240      3.237      3.333      3.198      3.261      3.237      3.270      3.204 
# 26      3.150      3.279      3.193      1.787      3.279      3.195      3.171      3.150      3.186      3.228      3.240      3.162      3.168      3.150 
# 27      3.465      3.582      3.526      1.878      3.513      3.567      3.552      3.543      3.489      3.582      3.465      3.504      3.519      3.525 
# 28      3.132      3.309      3.233      1.798      3.201      3.309      3.264      3.243      3.267      3.132      3.261      3.258      3.198      3.192 
# 29      3.477      3.630      3.520      1.876      3.630      3.552      3.516      3.513      3.483      3.534      3.513      3.477      3.498      3.483 
# 30      3.468      3.639      3.537      1.881      3.570      3.495      3.582      3.558      3.468      3.612      3.480      3.489      3.639      3.474 
# 31      3.735      3.918      3.791      1.947      3.789      3.918      3.771      3.774      3.819      3.741      3.735      3.843      3.750      3.774 
# 32      2.829      3.039      2.912      1.706      3.039      2.913      2.838      2.982      2.829      2.940      2.907      2.907      2.862      2.904 
# 33      3.150      3.291      3.211      1.792      3.291      3.252      3.243      3.174      3.192      3.240      3.150      3.183      3.228      3.159 
# 34      3.189      3.303      3.235      1.799      3.270      3.243      3.240      3.189      3.303      3.198      3.228      3.258      3.228      3.192 
# 35      3.489      3.612      3.562      1.887      3.612      3.573      3.552      3.594      3.522      3.489      3.567      3.537      3.594      3.582 
# 36      3.171      3.279      3.225      1.796      3.279      3.243      3.210      3.183      3.243      3.240      3.171      3.261      3.207      3.210 
# 37      3.471      3.603      3.545      1.883      3.588      3.603      3.549      3.501      3.588      3.471      3.519      3.573      3.507      3.549 
# 38      3.507      3.639      3.587      1.894      3.639      3.600      3.582      3.621      3.588      3.531      3.624      3.507      3.594      3.579 
# 39      3.807      3.942      3.873      1.968      3.888      3.903      3.921      3.846      3.822      3.942      3.807      3.837      3.921      3.846 
# 40      3.189      3.321      3.249      1.802      3.321      3.276      3.258      3.222      3.267      3.189      3.261      3.213      3.255      3.225 
# 41      3.468      3.648      3.572      1.890      3.612      3.573      3.591      3.648      3.555      3.525      3.621      3.513      3.468      3.612 
# 42      3.462      3.609      3.511      1.874      3.609      3.477      3.576      3.462      3.501      3.549      3.480      3.480      3.486      3.492 
# 43      3.753      3.888      3.826      1.956      3.888      3.879      3.822      3.813      3.843      3.753      3.795      3.858      3.828      3.780 
# 44      3.495      3.648      3.550      1.884      3.648      3.546      3.495      3.567      3.510      3.519      3.585      3.558      3.495      3.573 
# 45      3.786      3.927      3.839      1.959      3.927      3.813      3.876      3.786      3.804      3.879      3.864      3.801      3.849      3.786 
# 46      3.744      3.921      3.808      1.952      3.774      3.921      3.786      3.819      3.816      3.798      3.810      3.813      3.744      3.804 
# 47      4.062      4.212      4.141      2.035      4.200      4.134      4.083      4.209      4.137      4.089      4.173      4.110      4.062      4.212 
# 48      3.192      3.357      3.269      1.808      3.357      3.339      3.273      3.243      3.192      3.279      3.237      3.279      3.255      3.240 
# 49      3.471      3.618      3.544      1.882      3.534      3.618      3.495      3.564      3.528      3.570      3.471      3.600      3.480      3.576 
# 50      3.480      3.615      3.525      1.877      3.615      3.492      3.546      3.528      3.507      3.480      3.588      3.498      3.495      3.501 
# 51      3.783      3.966      3.848      1.962      3.891      3.864      3.966      3.801      3.828      3.852      3.822      3.792      3.885      3.783 
# 52      3.486      3.624      3.529      1.879      3.624      3.573      3.510      3.489      3.510      3.510      3.486      3.555      3.537      3.495 
# 53      3.765      3.972      3.826      1.956      3.972      3.810      3.819      3.849      3.789      3.765      3.837      3.810      3.825      3.786 
# 54      3.777      3.924      3.836      1.959      3.831      3.855      3.843      3.816      3.813      3.924      3.777      3.870      3.834      3.801 
# 55      4.026      4.224      4.115      2.029      4.224      4.179      4.134      4.104      4.086      4.026      4.107      4.104      4.098      4.089 
# 56      3.465      3.570      3.532      1.879      3.558      3.519      3.567      3.558      3.471      3.525      3.570      3.465      3.534      3.555 
# 57      3.798      3.915      3.858      1.964      3.915      3.861      3.897      3.798      3.912      3.870      3.840      3.816      3.870      3.798 
# 58      3.765      3.945      3.832      1.958      3.849      3.867      3.852      3.774      3.945      3.795      3.816      3.792      3.864      3.765 
# 59      4.062      4.239      4.118      2.029      4.239      4.182      4.104      4.101      4.095      4.062      4.101      4.104      4.089      4.101 
# 60      3.759      3.909      3.831      1.957      3.909      3.822      3.864      3.765      3.810      3.822      3.759      3.834      3.849      3.873 
# 61      4.035      4.266      4.111      2.028      4.266      4.185      4.077      4.086      4.107      4.035      4.083      4.137      4.065      4.068 
# 62      4.020      4.197      4.090      2.022      4.119      4.071      4.059      4.140      4.047      4.068      4.071      4.107      4.020      4.197 
# 63      4.326      4.530      4.420      2.102      4.500      4.359      4.530      4.365      4.431      4.374      4.452      4.326      4.494      4.365 
# 64      3.165      3.294      3.238      1.800      3.294      3.288      3.189      3.216      3.291      3.165      3.264      3.249      3.210      3.219 
# 65      3.480      3.699      3.550      1.884      3.699      3.519      3.543      3.561      3.480      3.519      3.606      3.483      3.534      3.561 
# 66      3.504      3.624      3.556      1.886      3.612      3.531      3.612      3.531      3.516      3.561      3.558      3.513      3.624      3.504 
# 67      3.780      3.936      3.841      1.960      3.936      3.876      3.837      3.780      3.867      3.822      3.876      3.798      3.822      3.795 
# 68      3.501      3.678      3.565      1.888      3.678      3.522      3.576      3.525      3.588      3.516      3.636      3.501      3.579      3.525 
# 69      3.774      3.945      3.853      1.963      3.936      3.813      3.945      3.786      3.861      3.870      3.843      3.780      3.918      3.774 
# 70      3.810      3.969      3.880      1.970      3.906      3.861      3.963      3.810      3.900      3.861      3.858      3.858      3.969      3.810 
# 71      4.065      4.287      4.169      2.042      4.287      4.176      4.179      4.155      4.146      4.140      4.197      4.065      4.167      4.176 
# 72      3.480      3.615      3.549      1.884      3.591      3.552      3.615      3.483      3.594      3.546      3.483      3.570      3.573      3.480 
# 73      3.777      3.921      3.840      1.960      3.921      3.843      3.813      3.813      3.912      3.777      3.849      3.828      3.831      3.813 
# 74      3.750      3.975      3.856      1.964      3.975      3.837      3.792      3.921      3.843      3.846      3.921      3.771      3.750      3.909 
# 75      4.107      4.227      4.158      2.039      4.185      4.197      4.179      4.143      4.128      4.227      4.158      4.107      4.146      4.107 
# 76      3.828      4.008      3.903      1.976      3.960      4.008      3.894      3.828      3.936      3.828      3.921      3.915      3.894      3.846 
# 77      4.104      4.257      4.184      2.045      4.230      4.227      4.149      4.176      4.203      4.104      4.257      4.152      4.185      4.152 
# 78      4.083      4.227      4.188      2.047      4.218      4.215      4.221      4.161      4.200      4.227      4.173      4.083      4.200      4.185 
# 79      4.380      4.569      4.505      2.123      4.566      4.554      4.530      4.503      4.569      4.479      4.413      4.569      4.380      4.491 
# 80      3.468      3.717      3.552      1.885      3.717      3.507      3.525      3.603      3.519      3.468      3.588      3.525      3.573      3.492 
# 81      3.789      3.954      3.861      1.965      3.846      3.876      3.951      3.792      3.891      3.834      3.855      3.822      3.954      3.789 
# 82      3.786      3.927      3.834      1.958      3.927      3.861      3.822      3.804      3.843      3.852      3.816      3.819      3.807      3.786 
# 83      4.095      4.230      4.168      2.041      4.203      4.218      4.143      4.188      4.131      4.188      4.230      4.095      4.119      4.161 
# 84      3.774      3.909      3.841      1.960      3.876      3.846      3.909      3.774      3.855      3.873      3.780      3.843      3.876      3.774 
# 85      4.077      4.194      4.133      2.033      4.194      4.158      4.095      4.128      4.134      4.137      4.125      4.143      4.077      4.140 
# 86      4.068      4.185      4.140      2.035      4.185      4.137      4.125      4.176      4.134      4.068      4.158      4.110      4.161      4.149 
# 87      4.425      4.584      4.500      2.121      4.563      4.461      4.563      4.452      4.425      4.530      4.506      4.449      4.584      4.464 
# 88      3.834      3.987      3.893      1.973      3.987      3.939      3.864      3.858      3.876      3.873      3.870      3.948      3.834      3.876 
# 89      4.095      4.248      4.175      2.043      4.248      4.185      4.095      4.215      4.197      4.107      4.233      4.143      4.152      4.176 
# 90      4.089      4.203      4.149      2.037      4.149      4.128      4.173      4.149      4.167      4.203      4.089      4.137      4.185      4.107 
# 91      4.434      4.560      4.478      2.116      4.479      4.560      4.458      4.461      4.461      4.434      4.455      4.521      4.461      4.491 
# 92      4.071      4.332      4.179      2.044      4.332      4.185      4.161      4.188      4.173      4.071      4.227      4.101      4.209      4.140 
# 93      4.419      4.563      4.481      2.117      4.500      4.467      4.422      4.431      4.464      4.563      4.491      4.419      4.539      4.509 
