#  n   min [us]   max [us]  mean [us]    sd [us] measurements [us]
#  0      0.038      0.189      0.056      0.236      0.189      0.059      0.038      0.039      0.039      0.039      0.039      0.039      0.039      0.039 
#  1      0.038      0.039      0.039      0.197      0.039      0.038      0.039      0.039      0.039      0.039      0.038      0.039      0.039      0.039 
#  2      0.742      1.872      0.905      0.951      1.872      0.926      0.844      0.774      0.760      0.810      0.759      0.742      0.797      0.764 
#  3      0.875      0.969      0.910      0.954      0.969      0.935      0.903      0.875      0.916      0.913      0.876      0.923      0.902      0.888 
#  4      0.898      0.952      0.924      0.962      0.945      0.931      0.921      0.929      0.912      0.904      0.952      0.920      0.898      0.933 
#  5      1.020      1.064      1.040      1.020      1.064      1.037      1.045      1.026      1.020      1.045      1.040      1.030      1.046      1.049 
#  6      1.024      1.093      1.050      1.025      1.073      1.093      1.034      1.040      1.043      1.024      1.050      1.059      1.045      1.038 
#  7      1.154      1.240      1.187      1.090      1.240      1.181      1.193      1.186      1.170      1.154      1.213      1.159      1.192      1.186 
#  8      1.028      1.104      1.054      1.027      1.104      1.040      1.056      1.028      1.077      1.063      1.036      1.048      1.061      1.028 
#  9      1.187      1.229      1.208      1.099      1.219      1.229      1.211      1.207      1.208      1.202      1.194      1.214      1.187      1.206 
# 10      1.181      1.253      1.209      1.099      1.253      1.212      1.198      1.209      1.199      1.181      1.223      1.202      1.204      1.205 
# 11      1.323      1.373      1.345      1.160      1.370      1.323      1.340      1.332      1.327      1.340      1.345      1.353      1.373      1.343 
# 12      1.182      1.225      1.202      1.096      1.225      1.217      1.188      1.182      1.211      1.205      1.200      1.216      1.191      1.185 
# 13      1.289      1.376      1.325      1.151      1.376      1.328      1.316      1.330      1.296      1.330      1.339      1.289      1.315      1.329 
# 14      1.310      1.357      1.334      1.155      1.340      1.328      1.357      1.348      1.319      1.334      1.324      1.310      1.342      1.333 
# 15      1.433      1.496      1.461      1.209      1.475      1.496      1.444      1.463      1.468      1.452      1.446      1.481      1.433      1.450 
# 16      1.174      1.241      1.199      1.095      1.241      1.182      1.188      1.214      1.176      1.196      1.228      1.174      1.181      1.209 
# 17      1.323      1.372      1.340      1.158      1.328      1.372      1.346      1.323      1.328      1.360      1.331      1.337      1.341      1.336 
# 18      1.311      1.383      1.355      1.164      1.383      1.379      1.311      1.366      1.373      1.327      1.355      1.347      1.362      1.347 
# 19      1.474      1.526      1.497      1.223      1.526      1.488      1.493      1.496      1.488      1.474      1.510      1.475      1.514      1.503 
# 20      1.315      1.400      1.349      1.162      1.356      1.346      1.374      1.318      1.349      1.400      1.332      1.315      1.368      1.335 
# 21      1.454      1.519      1.477      1.215      1.494      1.478      1.462      1.485      1.495      1.459      1.454      1.519      1.468      1.454 
# 22      1.466      1.526      1.496      1.223      1.519      1.485      1.479      1.503      1.473      1.487      1.526      1.466      1.505      1.513 
# 23      1.601      1.643      1.621      1.273      1.643      1.639      1.611      1.617      1.612      1.640      1.601      1.618      1.618      1.616 
# 24      1.323      1.391      1.356      1.165      1.391      1.376      1.360      1.332      1.357      1.366      1.323      1.368      1.338      1.351 
# 25      1.467      1.559      1.495      1.223      1.559      1.481      1.467      1.496      1.495      1.473      1.505      1.474      1.503      1.501 
# 26      1.325      4.669      1.722      1.312      1.487      1.464      1.459      1.469      4.669      1.350      1.339      1.326      1.325      1.336 
# 27      1.447      1.509      1.464      1.210      1.467      1.509      1.460      1.462      1.468      1.451      1.447      1.484      1.448      1.448 
# 28      1.316      1.386      1.350      1.162      1.386      1.348      1.342      1.347      1.316      1.349      1.358      1.335      1.352      1.364 
# 29      1.442      1.497      1.472      1.213      1.497      1.485      1.497      1.442      1.459      1.485      1.460      1.465      1.484      1.443 
# 30      1.432      1.510      1.457      1.207      1.510      1.485      1.447      1.442      1.444      1.450      1.432      1.470      1.461      1.433 
# 31      1.550      1.610      1.582      1.258      1.610      1.599      1.587      1.583      1.580      1.550      1.579      1.573      1.580      1.581 
# 32      1.176      1.245      1.215      1.102      1.245      1.220      1.237      1.212      1.193      1.236      1.176      1.197      1.227      1.208 
# 33      1.316      1.376      1.347      1.160      1.368      1.358      1.362      1.323      1.376      1.332      1.326      1.344      1.361      1.316 
# 34      1.334      1.393      1.353      1.163      1.393      1.341      1.360      1.351      1.352      1.334      1.368      1.335      1.357      1.338 
# 35      1.456      1.525      1.493      1.222      1.517      1.480      1.512      1.456      1.495      1.483      1.500      1.482      1.525      1.476 
# 36      1.321      1.398      1.353      1.163      1.379      1.366      1.356      1.326      1.380      1.328      1.321      1.398      1.342      1.332 
# 37      1.452      1.507      1.477      1.215      1.507      1.505      1.452      1.475      1.472      1.465      1.489      1.468      1.459      1.475 
# 38      1.465      1.498      1.479      1.216      1.498      1.468      1.477      1.489      1.465      1.482      1.481      1.478      1.472      1.482 
# 39      1.589      1.644      1.610      1.269      1.624      1.644      1.596      1.595      1.590      1.628      1.591      1.625      1.622      1.589 
# 40      1.338      1.411      1.369      1.170      1.411      1.371      1.351      1.389      1.380      1.343      1.383      1.338      1.352      1.370 
# 41      1.465      1.520      1.488      1.220      1.519      1.474      1.493      1.487      1.475      1.520      1.465      1.477      1.505      1.468 
# 42      1.458      1.486      1.473      1.214      1.486      1.464      1.474      1.458      1.484      1.470      1.460      1.485      1.470      1.476 
# 43      1.589      1.656      1.617      1.272      1.656      1.622      1.614      1.599      1.600      1.594      1.632      1.589      1.625      1.642 
# 44      1.461      1.498      1.480      1.217      1.494      1.498      1.476      1.469      1.461      1.476      1.475      1.493      1.489      1.469 
# 45      1.574      1.646      1.609      1.268      1.646      1.643      1.574      1.605      1.611      1.609      1.597      1.614      1.581      1.605 
# 46      1.581      1.628      1.607      1.268      1.626      1.628      1.590      1.612      1.581      1.617      1.607      1.597      1.586      1.628 
# 47      1.709      1.732      1.720      1.312      1.732      1.714      1.719      1.725      1.721      1.726      1.709      1.709      1.720      1.727 
# 48      1.332      1.416      1.362      1.167      1.416      1.390      1.332      1.359      1.351      1.360      1.336      1.381      1.333      1.360 
# 49      1.443      1.514      1.480      1.217      1.497      1.483      1.454      1.514      1.443      1.493      1.486      1.471      1.448      1.511 
# 50      1.446      1.485      1.468      1.211      1.485      1.449      1.475      1.481      1.446      1.481      1.477      1.473      1.459      1.450 
# 51      1.573      1.636      1.600      1.265      1.612      1.636      1.627      1.580      1.605      1.573      1.584      1.594      1.597      1.589 
# 52      1.453      1.519      1.479      1.216      1.519      1.453      1.476      1.477      1.477      1.479      1.475      1.460      1.478      1.492 
# 53      1.566      1.624      1.590      1.261      1.624      1.599      1.610      1.566      1.584      1.594      1.581      1.579      1.594      1.572 
# 54      1.576      1.631      1.600      1.265      1.631      1.614      1.581      1.593      1.621      1.609      1.580      1.599      1.576      1.594 
# 55      1.689      1.774      1.728      1.315      1.774      1.740      1.723      1.742      1.741      1.690      1.733      1.689      1.724      1.729 
# 56      1.442      1.504      1.478      1.216      1.504      1.480      1.496      1.481      1.442      1.503      1.456      1.470      1.475      1.474 
# 57      1.588      5.870      2.041      1.429      1.624      1.643      1.594      1.624      1.588      1.609      5.870      1.644      1.589      1.623 
# 58      1.653      5.013      2.067      1.438      1.653      5.013      1.746      1.753      1.745      1.731      1.752      1.751      1.767      1.756 
# 59      1.882      2.933      2.134      1.461      1.903      1.894      1.898      1.882      1.891      1.903      1.893      2.470      2.933      2.669 
# 60      2.097      2.732      2.334      1.528      2.732      2.332      2.162      2.097      2.428      2.099      2.199      2.205      2.481      2.601 
# 61      2.188      2.956      2.505      1.583      2.357      2.539      2.188      2.380      2.327      2.956      2.438      2.563      2.765      2.539 
# 62      2.168      2.785      2.420      1.556      2.269      2.546      2.168      2.221      2.278      2.335      2.488      2.376      2.785      2.732 
# 63      2.437      3.339      2.732      1.653      2.469      2.568      2.627      2.459      3.162      2.437      2.441      2.995      2.820      3.339 
# 64      2.074      2.550      2.442      1.563      2.550      2.510      2.257      2.074      2.505      2.543      2.520      2.533      2.424      2.501 
# 65      1.586      4.817      2.232      1.494      2.510      2.495      2.696      1.729      1.589      1.628      1.624      1.586      1.649      4.817 
# 66      1.458      1.501      1.484      1.218      1.493      1.483      1.497      1.468      1.501      1.458      1.499      1.484      1.485      1.472 
# 67      1.581      1.627      1.602      1.266      1.627      1.608      1.601      1.601      1.589      1.598      1.606      1.581      1.602      1.603 
# 68      1.454      1.519      1.487      1.219      1.506      1.475      1.519      1.461      1.493      1.471      1.497      1.476      1.518      1.454 
# 69      1.587      1.653      1.614      1.271      1.653      1.625      1.618      1.596      1.624      1.587      1.624      1.606      1.616      1.594 
# 70      1.571      1.647      1.609      1.268      1.647      1.597      1.636      1.599      1.601      1.571      1.631      1.579      1.636      1.593 
# 71      1.705      1.787      1.741      1.320      1.787      1.743      1.753      1.710      1.736      1.753      1.733      1.705      1.759      1.732 
# 72      1.458      1.529      1.485      1.219      1.503      1.515      1.475      1.460      1.529      1.458      1.466      1.510      1.475      1.460 
# 73      1.581      1.659      1.605      1.267      1.659      1.598      1.589      1.618      1.592      1.598      1.610      1.581      1.588      1.619 
# 74      1.570      1.626      1.601      1.265      1.626      1.582      1.613      1.593      1.606      1.621      1.590      1.570      1.615      1.594 
# 75      1.708      1.760      1.730      1.315      1.732      1.760      1.708      1.730      1.744      1.723      1.727      1.748      1.712      1.717 
# 76      1.592      1.651      1.621      1.273      1.639      1.648      1.628      1.593      1.619      1.592      1.651      1.613      1.605      1.619 
# 77      1.707      1.785      1.746      1.321      1.749      1.752      1.785      1.730      1.747      1.768      1.735      1.720      1.770      1.707 
# 78      1.731      1.779      1.751      1.323      1.758      1.779      1.738      1.748      1.753      1.731      1.758      1.762      1.741      1.741 
# 79      1.831      1.894      1.870      1.368      1.874      1.871      1.889      1.894      1.861      1.878      1.836      1.876      1.831      1.893 
# 80      1.456      1.530      1.483      1.218      1.530      1.471      1.500      1.476      1.467      1.480      1.477      1.472      1.497      1.456 
# 81      1.586      1.652      1.610      1.269      1.601      1.652      1.615      1.592      1.621      1.586      1.592      1.633      1.609      1.600 
# 82      1.569      1.654      1.606      1.267      1.654      1.589      1.589      1.619      1.595      1.609      1.633      1.569      1.584      1.624 
# 83      1.709      1.772      1.736      1.318      1.730      1.736      1.772      1.711      1.745      1.743      1.736      1.709      1.732      1.750 
# 84      1.591      1.630      1.610      1.269      1.604      1.618      1.604      1.603      1.624      1.619      1.591      1.630      1.604      1.604 
# 85      1.702      1.766      1.729      1.315      1.766      1.717      1.715      1.746      1.708      1.733      1.736      1.702      1.715      1.755 
# 86      1.706      1.760      1.729      1.315      1.760      1.720      1.749      1.715      1.719      1.746      1.727      1.709      1.736      1.706 
# 87      1.846      1.914      1.877      1.370      1.914      1.889      1.880      1.850      1.885      1.868      1.887      1.874      1.846      1.873 
# 88      1.579      1.670      1.627      1.275      1.668      1.638      1.605      1.670      1.579      1.610      1.615      1.614      1.613      1.656 
# 89      1.713      1.751      1.734      1.317      1.736      1.743      1.733      1.732      1.751      1.717      1.713      1.737      1.746      1.734 
# 90      1.716      1.760      1.733      1.317      1.722      1.760      1.733      1.732      1.733      1.724      1.735      1.747      1.716      1.733 
# 91      1.825      1.926      1.864      1.365      1.926      1.851      1.870      1.865      1.825      1.841      1.874      1.856      1.876      1.857 
# 92      1.700      1.772      1.741      1.320      1.761      1.760      1.769      1.723      1.745      1.737      1.733      1.700      1.772      1.711 
# 93      1.828      1.916      1.880      1.371      1.890      1.916      1.828      1.865      1.894      1.879      1.871      1.890      1.876      1.892 
