#  n       min [cyc]       max [cyc]      mean [cyc]        sd [cyc] measurements [cyc]
#  0             156            1580         426.000         519.516            1580             324             184             156             156             156
#  1             156             320         183.333          61.119             320             156             156             156             156             156
#  2             156             228         168.000          26.833             228             156             156             156             156             156
#  3             160             252         183.333          35.358             252             208             160             160             160             160
#  4             168             288         191.333          43.843             288             188             168             168             168             168
#  5             164             372         204.667          75.451             372             192             164             168             164             168
#  6             168             212         177.333          15.606             212             172             168             168             172             172
#  7             172             688         262.000         190.714             688             196             172             172             172             172
#  8             176             264         196.000          31.496             264             200             180             176             180             176
#  9             180             352         214.667          62.168             352             208             180             184             184             180
# 10             184             216         189.333          11.926             216             184             184             184             184             184
# 11             188             356         222.667          60.648             356             220             188             192             188             192
# 12             200             244         214.667          20.742             244             244             200             200             200             200
# 13             204             304         224.667          36.545             304             228             204             204             204             204
# 14             208             252         219.333          17.036             252             232             208             208             208             208
# 15             264            1628         574.000         486.647            1628             612             388             288             264             264
# 16             268             348         285.333          29.364             348             292             268             268             268             268
# 17             256             356         282.000          38.902             356             312             256             256             256             256
# 18             260             324         276.667          24.918             324             296             260             260             260             260
# 19             276             492         318.667          78.881             492             316             276             276             276             276
# 20             280             340         295.333          21.592             340             304             280             284             284             280
# 21             288             364         304.667          27.944             364             312             288             288             288             288
# 22             292             336         304.667          16.234             336             316             292             292             296             296
# 23             304             360         316.667          20.710             360             324             304             304             304             304
# 24             308             372         322.000          23.523             372             328             308             308             308             308
# 25             312            1188         463.333         324.184            1188             336             312             316             312             316
# 26             320             376         332.667          20.710             376             340             320             320             320             320
# 27             324             408         344.000          30.199             408             352             328             324             328             324
# 28             332             368         341.333          13.984             368             352             332             332             332             332
# 29             340             384         350.667          16.600             384             360             340             340             340             340
# 30             344             392         356.000          18.330             392             368             344             344             344             344
# 31             348             408         364.000          21.541             408             372             360             348             348             348
# 32             356             412         368.667          20.710             412             376             356             356             356             356
# 33             360             400         370.667          15.776             400             384             360             360             360             360
# 34             364             404         379.333          14.126             404             388             384             368             364             368
# 35             372             412         385.333          14.907             412             392             392             372             372             372
# 36             376             416         390.667          14.727             416             396             400             376             380             376
# 37             388             432         402.000          16.125             432             408             408             388             388             388
# 38             392             428         401.333          13.984             428             412             392             392             392             392
# 39             408             488         438.667          27.873             464             488             424             424             424             408
# 40             412             444         420.667          12.737             444             432             412             412             412             412
# 41             416             448         426.000          11.944             448             436             416             420             420             416
# 42             424             476         436.667          19.653             476             448             424             424             424             424
# 43             428             460         438.667          12.579             460             452             432             432             428             428
# 44             436             468         444.667          12.737             468             456             436             436             436             436
# 45             440             488         453.333          17.537             488             464             440             444             444             440
# 46             448             480         456.667          12.737             480             468             448             448             448             448
# 47             456             508         468.000          19.322             508             476             456             456             456             456
# 48             460             500         472.667          15.563             500             488             464             460             460             464
# 49             468             520         480.000          19.322             520             488             468             468             468             468
# 50             472            1136         606.000         238.011            1136             544             492             496             496             472
# 51             480             600         503.333          43.843             600             500             480             480             480             480
# 52             484             524         499.333          14.126             524             508             504             488             488             484
# 53             492             540         506.667          17.385             540             512             512             492             492             492
# 54             496             536         508.000          14.967             536             520             496             500             500             496
# 55             512             560         526.667          17.385             560             532             532             512             512             512
# 56             516             548         524.000          12.220             548             532             516             516             516             516
# 57             520             556         531.333          13.744             556             544             520             524             520             524
# 58             524             576         537.333          18.571             576             544             524             528             528             524
# 59             528             624         552.000          35.100             624             568             532             532             528             528
# 60             536             568         545.333          13.400             568             560             536             536             536             536
# 61             540             592         554.000          18.868             592             564             544             544             540             540
# 62             548             584         558.000          14.560             584             572             548             548             548             548
# 63             556             608         569.333          18.571             608             576             560             560             556             556
# 64             564             612         577.333          17.537             612             588             564             564             568             568
# 65             568             604         578.667          13.199             604             588             568             572             572             568
# 66             600             612         603.333           4.269             612             600             600             604             604             600
# 67             604             616         606.000           4.472             616             604             604             604             604             604
# 68             616             628         618.000           4.472             628             616             616             616             616             616
# 69             620             648         624.667          10.435             648             620             620             620             620             620
# 70             620             636         624.000           5.657             636             620             620             624             624             620
# 71             628             684         647.333          24.594             684             680             628             632             632             628
# 72             640             652         642.000           4.472             652             640             640             640             640             640
# 73             644             652         645.333           2.981             652             644             644             644             644             644
# 74             652            1164         737.333         190.811            1164             652             652             652             652             652
# 75             656             784         677.333          47.703             784             656             656             656             656             656
# 76             664             672         665.333           2.981             672             664             664             664             664             664
# 77             664             692         670.000          10.000             692             664             664             668             668             664
# 78             672             688         676.000           5.657             688             672             676             676             672             672
# 79             680             732         690.000          18.868             732             680             684             680             684             680
# 80             692             704         694.000           4.472             704             692             692             692             692             692
# 81             696             708         698.000           4.472             708             696             696             696             696             696
# 82             704             716         706.000           4.472             716             704             704             704             704             704
# 83             704             720         708.000           5.657             720             704             704             708             708             704
# 84             712             728         716.000           5.657             728             712             716             712             716             712
# 85             716             740         721.333           8.537             740             716             716             720             720             716
# 86             728             740         730.000           4.472             740             728             728             728             728             728
# 87             732             752         737.333           6.799             752             736             732             736             732             736
# 88             740             764         747.333          10.435             764             760             740             740             740             740
# 89             744             756         748.000           4.000             756             748             748             744             744             748
# 90             756             768         758.000           4.472             768             756             756             756             756             756
# 91             760             780         763.333           7.454             780             760             760             760             760             760
# 92             768             776         769.333           2.981             776             768             768             768             768             768
# 93             768             804         775.333          12.944             804             768             772             772             768             768
