#  n   min[cyc]   max[cyc]  mean[cyc]    sd[cyc] measurements[cyc]
#  0    102.000    153.000    111.000     10.536    153.000    123.000    105.000    102.000    105.000    105.000    102.000    105.000    105.000    105.000 
#  1     99.000    105.000    102.600     10.129    105.000     99.000    105.000    102.000    105.000     99.000    105.000    102.000    102.000    102.000 
#  2    102.000    144.000    112.200     10.592    144.000    126.000    126.000    102.000    105.000    105.000    102.000    105.000    105.000    102.000 
#  3    108.000    126.000    111.600     10.564    126.000    126.000    108.000    108.000    108.000    108.000    108.000    108.000    108.000    108.000 
#  4    108.000    129.000    114.300     10.691    126.000    108.000    129.000    111.000    111.000    114.000    111.000    111.000    111.000    111.000 
#  5    111.000    144.000    116.400     10.789    144.000    129.000    111.000    114.000    111.000    111.000    111.000    111.000    111.000    111.000 
#  6    111.000    135.000    116.100     10.775    135.000    132.000    111.000    111.000    111.000    114.000    111.000    111.000    111.000    114.000 
#  7    114.000    132.000    118.500     10.886    132.000    132.000    114.000    114.000    114.000    114.000    114.000    117.000    117.000    117.000 
#  8    117.000    153.000    124.200     11.145    153.000    153.000    117.000    117.000    117.000    117.000    117.000    117.000    117.000    117.000 
#  9    114.000    156.000    123.000     11.091    138.000    156.000    120.000    117.000    120.000    114.000    117.000    117.000    114.000    117.000 
# 10    114.000    168.000    126.900     11.265    168.000    156.000    117.000    120.000    120.000    117.000    114.000    117.000    120.000    120.000 
# 11    117.000    153.000    126.900     11.265    141.000    153.000    123.000    120.000    123.000    123.000    123.000    117.000    123.000    123.000 
# 12    126.000    174.000    135.300     11.632    174.000    165.000    126.000    126.000    126.000    126.000    126.000    126.000    126.000    132.000 
# 13    126.000    150.000    131.700     11.476    144.000    150.000    126.000    129.000    126.000    129.000    129.000    126.000    129.000    129.000 
# 14    126.000    162.000    135.600     11.645    162.000    144.000    147.000    129.000    132.000    129.000    129.000    129.000    126.000    129.000 
# 15    129.000    165.000    136.800     11.696    165.000    150.000    135.000    132.000    132.000    129.000    129.000    132.000    135.000    129.000 
# 16    135.000    174.000    142.200     11.925    174.000    153.000    138.000    138.000    138.000    138.000    138.000    135.000    135.000    135.000 
# 17    141.000    171.000    144.900     12.037    171.000    150.000    141.000    141.000    141.000    141.000    141.000    141.000    141.000    141.000 
# 18    153.000    162.000    158.700     12.598    159.000    159.000    162.000    156.000    159.000    159.000    162.000    153.000    159.000    159.000 
# 19    141.000    192.000    149.700     12.235    192.000    141.000    144.000    147.000    147.000    144.000    144.000    147.000    147.000    144.000 
# 20    147.000    180.000    152.100     12.333    180.000    159.000    147.000    147.000    150.000    147.000    147.000    147.000    150.000    147.000 
# 21    165.000    168.000    165.600     12.869    165.000    165.000    168.000    165.000    165.000    165.000    168.000    165.000    165.000    165.000 
# 22    144.000    198.000    158.100     12.574    183.000    198.000    165.000    150.000    144.000    150.000    147.000    147.000    147.000    150.000 
# 23    156.000    204.000    165.600     12.869    174.000    204.000    171.000    156.000    159.000    159.000    156.000    159.000    159.000    159.000 
# 24    156.000    204.000    165.600     12.869    174.000    204.000    171.000    156.000    159.000    159.000    159.000    159.000    159.000    156.000 
# 25    159.000    207.000    168.900     12.996    180.000    207.000    177.000    159.000    162.000    162.000    159.000    159.000    162.000    162.000 
# 26    159.000    198.000    168.300     12.973    198.000    177.000    159.000    168.000    162.000    162.000    168.000    165.000    162.000    162.000 
# 27    159.000    213.000    174.900     13.225    183.000    213.000    186.000    159.000    168.000    171.000    168.000    165.000    168.000    168.000 
# 28    168.000    189.000    174.600     13.214    186.000    189.000    183.000    168.000    168.000    168.000    171.000    171.000    171.000    171.000 
# 29    168.000    219.000    180.300     13.428    192.000    219.000    186.000    168.000    174.000    174.000    174.000    174.000    171.000    171.000 
# 30    174.000    195.000    180.000     13.416    195.000    195.000    189.000    174.000    174.000    174.000    174.000    177.000    174.000    174.000 
# 31    174.000    225.000    184.800     13.594    195.000    225.000    195.000    174.000    177.000    177.000    177.000    177.000    174.000    177.000 
# 32    180.000    198.000    185.400     13.616    198.000    198.000    198.000    180.000    180.000    180.000    180.000    180.000    180.000    180.000 
# 33    180.000    228.000    188.400     13.726    216.000    228.000    180.000    180.000    180.000    180.000    180.000    180.000    180.000    180.000 
# 34    180.000    201.000    186.600     13.660    201.000    201.000    201.000    180.000    180.000    180.000    183.000    180.000    180.000    180.000 
# 35    183.000    234.000    194.100     13.932    204.000    234.000    204.000    183.000    186.000    186.000    186.000    186.000    186.000    186.000 
# 36    189.000    210.000    195.600     13.986    210.000    207.000    207.000    189.000    192.000    192.000    192.000    189.000    189.000    189.000 
# 37    186.000    243.000    199.800     14.135    213.000    243.000    210.000    186.000    189.000    189.000    195.000    195.000    189.000    189.000 
# 38    192.000    216.000    199.800     14.135    213.000    207.000    216.000    195.000    195.000    195.000    195.000    195.000    192.000    195.000 
# 39    192.000    246.000    204.900     14.314    216.000    246.000    219.000    195.000    195.000    195.000    198.000    198.000    195.000    192.000 
# 40    192.000    219.000    203.100     14.251    219.000    219.000    219.000    192.000    198.000    198.000    198.000    198.000    198.000    192.000 
# 41    201.000    252.000    211.800     14.553    225.000    252.000    219.000    204.000    201.000    204.000    204.000    201.000    201.000    207.000 
# 42    201.000    228.000    211.500     14.543    228.000    222.000    222.000    201.000    207.000    207.000    207.000    207.000    207.000    207.000 
# 43    204.000    258.000    217.500     14.748    231.000    258.000    228.000    204.000    210.000    207.000    207.000    210.000    210.000    210.000 
# 44    207.000    231.000    215.400     14.677    228.000    225.000    231.000    207.000    210.000    210.000    213.000    210.000    210.000    210.000 
# 45    210.000    258.000    221.400     14.880    234.000    258.000    234.000    210.000    213.000    213.000    213.000    213.000    213.000    213.000 
# 46    207.000    237.000    219.900     14.829    237.000    237.000    237.000    207.000    213.000    213.000    216.000    213.000    213.000    213.000 
# 47    216.000    267.000    228.300     15.110    243.000    267.000    240.000    216.000    219.000    219.000    222.000    219.000    219.000    219.000 
# 48    216.000    240.000    227.400     15.080    240.000    237.000    240.000    216.000    225.000    225.000    225.000    222.000    222.000    222.000 
# 49    219.000    273.000    231.000     15.199    246.000    273.000    240.000    219.000    222.000    222.000    222.000    222.000    222.000    222.000 
# 50    219.000    249.000    231.600     15.218    243.000    249.000    249.000    219.000    228.000    228.000    225.000    225.000    225.000    225.000 
# 51    222.000    276.000    237.300     15.405    249.000    276.000    252.000    222.000    228.000    231.000    231.000    225.000    228.000    231.000 
# 52    225.000    252.000    235.800     15.356    252.000    252.000    252.000    225.000    231.000    225.000    231.000    231.000    228.000    231.000 
# 53    231.000    282.000    244.200     15.627    258.000    282.000    258.000    231.000    234.000    237.000    237.000    234.000    234.000    237.000 
# 54    231.000    261.000    243.300     15.598    261.000    258.000    255.000    231.000    240.000    237.000    237.000    237.000    237.000    240.000 
# 55    231.000    291.000    249.300     15.789    264.000    291.000    258.000    231.000    243.000    243.000    243.000    240.000    240.000    240.000 
# 56    237.000    267.000    248.700     15.770    264.000    267.000    261.000    237.000    243.000    243.000    246.000    246.000    240.000    240.000 
# 57    243.000    294.000    253.800     15.931    267.000    294.000    267.000    243.000    246.000    246.000    243.000    243.000    243.000    246.000 
# 58    240.000    270.000    252.000     15.875    267.000    270.000    270.000    240.000    243.000    243.000    246.000    246.000    246.000    249.000 
# 59    246.000    300.000    260.100     16.128    273.000    300.000    270.000    246.000    252.000    252.000    252.000    252.000    252.000    252.000 
# 60    243.000    276.000    259.800     16.118    273.000    276.000    273.000    243.000    255.000    255.000    258.000    255.000    255.000    255.000 
# 61    249.000    300.000    265.200     16.285    276.000    300.000    273.000    249.000    258.000    258.000    258.000    261.000    261.000    258.000 
# 62    249.000    282.000    264.000     16.248    282.000    282.000    279.000    249.000    258.000    255.000    261.000    258.000    261.000    255.000 
# 63    258.000    312.000    270.900     16.459    282.000    312.000    285.000    258.000    261.000    261.000    264.000    264.000    261.000    261.000 
# 64    255.000    285.000    267.900     16.368    282.000    285.000    285.000    255.000    261.000    258.000    261.000    264.000    264.000    264.000 
# 65    264.000    312.000    276.300     16.622    288.000    312.000    288.000    264.000    270.000    267.000    267.000    270.000    270.000    267.000 
# 66    288.000    288.000    288.000     16.971    288.000    288.000    288.000    288.000    288.000    288.000    288.000    288.000    288.000    288.000 
# 67    288.000    294.000    290.100     17.032    288.000    291.000    291.000    288.000    288.000    291.000    294.000    288.000    288.000    294.000 
# 68    294.000    297.000    294.900     17.173    297.000    297.000    297.000    294.000    294.000    294.000    294.000    294.000    294.000    294.000 
# 69    300.000    303.000    300.900     17.346    303.000    300.000    300.000    300.000    303.000    300.000    300.000    300.000    303.000    300.000 
# 70    297.000    303.000    300.600     17.338    297.000    303.000    300.000    303.000    297.000    303.000    300.000    300.000    300.000    303.000 
# 71    306.000    306.000    306.000     17.493    306.000    306.000    306.000    306.000    306.000    306.000    306.000    306.000    306.000    306.000 
# 72    303.000    306.000    304.500     17.450    306.000    303.000    306.000    303.000    306.000    303.000    306.000    303.000    306.000    303.000 
# 73    306.000    306.000    306.000     17.493    306.000    306.000    306.000    306.000    306.000    306.000    306.000    306.000    306.000    306.000 
# 74    309.000    315.000    312.000     17.664    312.000    315.000    312.000    309.000    312.000    312.000    309.000    309.000    315.000    315.000 
# 75    315.000    318.000    316.800     17.799    318.000    318.000    315.000    315.000    315.000    318.000    318.000    318.000    318.000    315.000 
# 76    315.000    318.000    316.800     17.799    318.000    318.000    318.000    315.000    315.000    318.000    318.000    318.000    315.000    315.000 
# 77    318.000    321.000    320.400     17.900    321.000    321.000    318.000    321.000    321.000    318.000    321.000    321.000    321.000    321.000 
# 78    318.000    321.000    320.400     17.900    321.000    318.000    321.000    321.000    321.000    321.000    318.000    321.000    321.000    321.000 
# 79    318.000    324.000    322.200     17.950    321.000    324.000    324.000    321.000    321.000    324.000    324.000    318.000    321.000    324.000 
# 80    327.000    327.000    327.000     18.083    327.000    327.000    327.000    327.000    327.000    327.000    327.000    327.000    327.000    327.000 
# 81    330.000    336.000    332.400     18.232    333.000    330.000    330.000    333.000    333.000    330.000    330.000    336.000    336.000    333.000 
# 82    330.000    336.000    333.000     18.248    333.000    336.000    330.000    333.000    330.000    333.000    330.000    336.000    333.000    336.000 
# 83    336.000    339.000    338.400     18.396    339.000    336.000    339.000    339.000    339.000    339.000    336.000    339.000    339.000    339.000 
# 84    333.000    339.000    336.600     18.347    336.000    336.000    339.000    333.000    339.000    336.000    339.000    333.000    339.000    336.000 
# 85    336.000    339.000    338.400     18.396    339.000    339.000    339.000    339.000    339.000    336.000    339.000    339.000    336.000    339.000 
# 86    342.000    348.000    344.100     18.550    348.000    345.000    342.000    342.000    345.000    345.000    342.000    342.000    345.000    345.000 
# 87    348.000    348.000    348.000     18.655    348.000    348.000    348.000    348.000    348.000    348.000    348.000    348.000    348.000    348.000 
# 88    348.000    348.000    348.000     18.655    348.000    348.000    348.000    348.000    348.000    348.000    348.000    348.000    348.000    348.000 
# 89    351.000    354.000    352.800     18.783    351.000    354.000    354.000    354.000    354.000    354.000    354.000    351.000    351.000    351.000 
# 90    351.000    354.000    352.800     18.783    354.000    354.000    354.000    351.000    351.000    354.000    354.000    354.000    351.000    351.000 
# 91    354.000    357.000    354.900     18.839    354.000    357.000    354.000    354.000    354.000    357.000    354.000    354.000    354.000    357.000 
# 92    360.000    360.000    360.000     18.974    360.000    360.000    360.000    360.000    360.000    360.000    360.000    360.000    360.000    360.000 
# 93    363.000    369.000    365.700     19.123    369.000    366.000    363.000    366.000    366.000    363.000    363.000    369.000    369.000    363.000 
