#  n       min [cyc]       max [cyc]      mean [cyc]        sd [cyc] measurements [cyc]
#  0              66             330         113.500          97.032             330              84              69              66              66              66
#  1              63              69          66.000           1.732              69              66              66              66              63              66
#  2              78             156          93.000          28.249             156              81              78              81              84              78
#  3              96             141         111.500          17.095             141             129             102              96              99             102
#  4             126             207         140.000          29.983             207             126             129             126             126             126
#  5             138             237         169.000          34.971             237             177             180             141             141             138
#  6             216             312         236.000          34.583             312             234             216             216             216             222
#  7             261             390         287.000          46.851             390             264             261             285             261             261
#  8             363             495         391.000          47.392             495             390             366             366             363             366
#  9             483             741         529.500          94.801             741             501             483             483             483             486
# 10             792            1074         867.000          97.964            1074             888             840             792             804             804
# 11            1098            1656        1227.000         200.544            1656            1266            1137            1104            1098            1101
# 12            1905            2214        1989.500         117.031            2214            2076            1911            1920            1905            1911
# 13            2691            3159        2798.000         166.517            3159            2814            2709            2712            2691            2703
# 14            4794            5181        4884.500         134.515            5181            4848            4815            4809            4860            4794
# 15            6903            7365        6985.000         170.215            7365            6930            6903            6903            6903            6906
# 16           12228           12804       12399.000         191.812           12804           12432           12351           12228           12297           12282
# 17           18354           19011       18534.500         221.780           19011           18396           18450           18555           18441           18354
# 18           32466           33426       32737.500         315.955           33426           32466           32700           32577           32622           32634
# 19           50475           51360       50774.000         282.131           51360           50784           50685           50475           50757           50583
# 20           88326           89556       88612.500         427.882           89556           88560           88380           88416           88326           88437
# 21          137559          138228      138035.500         222.529          138057          138189          138129          137559          138228          138051
# 22          236760          268851      242376.000       11846.787          237933          236760          237060          268851          236763          236889
# 23          368532          372507      371686.000        1414.191          368532          372186          372312          372507          372228          372351
# 24          624396          628548      625497.500        1433.757          625815          624717          624732          624777          624396          628548
# 25          941187         1017195      958211.000       27284.860          942204          941961         1017195          941187          945282          961437
# 26         1625751         1695396     1642283.000       24588.668         1626342         1625751         1644966         1695396         1630728         1630515
# 27         2561094         2647368     2590196.500       33232.226         2570514         2565489         2624622         2561094         2572092         2647368
# 28         4168434         4256820     4195582.500       32717.250         4175031         4168434         4256820         4176186         4222173         4174851
# 29         6724284         6985227     6797022.000       86167.731         6724284         6783627         6985227         6758907         6756102         6773985
# 30        10742907        13319376    12024385.000      865705.020        10742907        12023880        12373245        12547122        13319376        11139780
# 31        17846118        17993322    17911443.500       53006.912        17968434        17993322        17846118        17900982        17896332        17863473
# 32        27432423        28702698    27956438.500      413159.800        27956208        28210926        28702698        27803100        27633276        27432423
# 33        45700107        45996483    45784401.500      108540.803        45700107        45996483        45740829        45706179        45708717        45854094
# 34        66039168        97190367    74554444.500    10783554.208        70595817        66638994        69433242        66039168        77429079        97190367
# 35       113387775       134442114   119548344.500     6972672.694       134442114       119541225       117134109       114634053       113387775       118150791
# 36       174686163       185402808   179892246.000     3797900.414       185402808       180336831       184004961       177729837       177192876       174686163
# 37       301667154       311326542   306452412.000     3820171.412       302151096       307361817       301667154       305264649       311326542       310943214
# 38       451700808       484502247   466845365.000    10858051.528       469099968       468750687       451700808       455284653       484502247       471733827
# 39       793619064       818253114   804428704.000     7304743.102       802680384       793619064       818253114       802803783       802814652       806401227
# 40      1208218965      1245960783  1233400554.000    14695968.238      1208218965      1242987501      1242184506      1245960783      1243142463      1217909106
# 41      2078003280      2156906532  2102290052.000    27608220.132      2083969731      2091983340      2156906532      2084747943      2118129486      2078003280
# 42      3304090893      3364222284  3323838539.500    20874999.065      3304090893      3311284272      3323988873      3305540415      3364222284      3333904500
# 43      5447833497      5574322041  5518530213.500    52966208.699      5489745669      5447833497      5569623099      5566089210      5463567765      5574322041
# 44      8621235828     10030990152  9016348645.500   508110561.586      8621235828      8711292219      9309285582     10030990152      8705499402      8719788690
# 45     14319289554     14866939647 14553526293.000   168035441.234     14438987823     14560004709     14530937490     14604998535     14866939647     14319289554
