#  n   min [us]   max [us]  mean [us]    sd [us] measurements [us]
#  0      0.291      0.468      0.312      0.559      0.468      0.318      0.291      0.291      0.294      0.294      0.291      0.291      0.291      0.294 
#  1      0.288      0.294      0.292      0.540      0.288      0.294      0.291      0.294      0.291      0.294      0.291      0.291      0.291      0.291 
#  2      0.288      0.294      0.291      0.539      0.288      0.291      0.291      0.291      0.291      0.291      0.291      0.291      0.291      0.294 
#  3      0.291      0.297      0.292      0.541      0.291      0.294      0.291      0.297      0.291      0.291      0.291      0.294      0.291      0.291 
#  4      0.288      0.297      0.292      0.540      0.288      0.291      0.294      0.291      0.291      0.291      0.297      0.291      0.294      0.291 
#  5      0.291      0.297      0.292      0.540      0.291      0.291      0.291      0.291      0.291      0.294      0.291      0.291      0.291      0.297 
#  6      0.288      0.297      0.292      0.540      0.288      0.291      0.291      0.297      0.291      0.291      0.291      0.294      0.291      0.294 
#  7      0.288      0.297      0.292      0.540      0.288      0.291      0.291      0.291      0.297      0.291      0.291      0.291      0.291      0.294 
#  8      0.288      1.480      0.518      0.720      0.288      0.291      0.294      0.291      0.294      0.291      1.480      0.656      0.648      0.648 
#  9      0.648      0.656      0.649      0.805      0.648      0.648      0.648      0.648      0.648      0.648      0.656      0.648      0.648      0.648 
# 10      0.648      0.656      0.649      0.805      0.648      0.656      0.648      0.648      0.648      0.648      0.648      0.648      0.648      0.648 
# 11      0.640      0.648      0.647      0.804      0.640      0.648      0.648      0.648      0.648      0.648      0.648      0.648      0.648      0.648 
# 12      0.640      0.656      0.648      0.805      0.640      0.648      0.648      0.648      0.648      0.648      0.648      0.648      0.656      0.648 
# 13      0.640      0.656      0.649      0.805      0.640      0.648      0.656      0.648      0.648      0.648      0.648      0.648      0.656      0.648 
# 14      0.640      0.656      0.648      0.805      0.640      0.648      0.648      0.656      0.648      0.648      0.648      0.648      0.648      0.648 
# 15      0.640      0.656      0.648      0.805      0.640      0.648      0.648      0.648      0.648      0.648      0.648      0.656      0.648      0.648 
# 16      0.640      0.648      0.647      0.804      0.640      0.648      0.648      0.648      0.648      0.648      0.648      0.648      0.648      0.648 
# 17      0.648      0.656      0.650      0.806      0.648      0.648      0.656      0.648      0.648      0.648      0.648      0.648      0.656      0.648 
# 18      0.640      0.656      0.648      0.805      0.640      0.648      0.648      0.648      0.648      0.648      0.648      0.656      0.648      0.648 
# 19      0.648      0.656      0.650      0.806      0.648      0.656      0.648      0.648      0.648      0.648      0.648      0.656      0.648      0.648 
# 20      0.640      0.656      0.648      0.805      0.640      0.648      0.656      0.648      0.648      0.648      0.648      0.648      0.648      0.648 
# 21      0.640      0.656      0.648      0.805      0.640      0.648      0.648      0.648      0.648      0.648      0.648      0.648      0.656      0.648 
# 22      0.640      0.648      0.647      0.804      0.640      0.648      0.648      0.648      0.648      0.648      0.648      0.648      0.648      0.648 
# 23      0.640      0.656      0.648      0.805      0.640      0.648      0.648      0.656      0.648      0.648      0.648      0.648      0.648      0.648 
# 24      0.648      0.656      0.649      0.805      0.648      0.648      0.648      0.648      0.648      0.648      0.648      0.656      0.648      0.648 
# 25      0.648      0.656      0.650      0.806      0.648      0.648      0.656      0.648      0.648      0.648      0.648      0.648      0.656      0.648 
# 26      0.640      0.656      0.649      0.805      0.640      0.648      0.656      0.648      0.648      0.648      0.648      0.648      0.656      0.648 
# 27      0.640      0.656      0.648      0.805      0.640      0.648      0.648      0.648      0.648      0.648      0.648      0.656      0.648      0.648 
# 28      0.640      0.648      0.647      0.804      0.640      0.648      0.648      0.648      0.648      0.648      0.648      0.648      0.648      0.648 
# 29      0.640      0.656      0.649      0.805      0.640      0.648      0.648      0.648      0.648      0.648      0.656      0.648      0.656      0.648 
# 30      0.648      0.656      0.650      0.806      0.648      0.648      0.656      0.648      0.656      0.648      0.648      0.648      0.648      0.648 
# 31      0.648      0.656      0.650      0.806      0.648      0.648      0.656      0.648      0.648      0.648      0.648      0.648      0.656      0.648 
# 32      0.648      0.656      0.650      0.806      0.648      0.648      0.648      0.648      0.648      0.648      0.648      0.656      0.648      0.656 
# 33      0.640      0.656      0.648      0.805      0.640      0.648      0.648      0.656      0.648      0.648      0.648      0.648      0.648      0.648 
# 34      0.640      0.648      0.647      0.804      0.640      0.648      0.648      0.648      0.648      0.648      0.648      0.648      0.648      0.648 
# 35      0.640      0.648      0.647      0.804      0.640      0.648      0.648      0.648      0.648      0.648      0.648      0.648      0.648      0.648 
# 36      0.648      0.656      0.650      0.806      0.648      0.656      0.648      0.656      0.648      0.648      0.648      0.648      0.648      0.648 
# 37      0.640      0.656      0.649      0.805      0.640      0.648      0.648      0.656      0.648      0.656      0.648      0.648      0.648      0.648 
# 38      0.648      0.648      0.648      0.805      0.648      0.648      0.648      0.648      0.648      0.648      0.648      0.648      0.648      0.648 
# 39      0.640      0.656      0.648      0.805      0.640      0.648      0.648      0.648      0.648      0.648      0.648      0.648      0.656      0.648 
# 40      0.640      0.648      0.647      0.804      0.640      0.648      0.648      0.648      0.648      0.648      0.648      0.648      0.648      0.648 
# 41      0.640      0.656      0.649      0.805      0.640      0.648      0.648      0.648      0.648      0.648      0.648      0.656      0.648      0.656 
# 42      0.640      0.656      0.648      0.805      0.640      0.648      0.648      0.656      0.648      0.648      0.648      0.648      0.648      0.648 
# 43      0.640      0.656      0.649      0.805      0.640      0.648      0.656      0.648      0.648      0.648      0.648      0.648      0.656      0.648 
# 44      0.640      0.648      0.647      0.804      0.640      0.648      0.648      0.648      0.648      0.648      0.648      0.648      0.648      0.648 
# 45      0.640      0.656      0.649      0.805      0.640      0.656      0.648      0.656      0.648      0.648      0.648      0.648      0.648      0.648 
# 46      0.640      0.648      0.647      0.804      0.640      0.648      0.648      0.648      0.648      0.648      0.648      0.648      0.648      0.648 
# 47      0.640      0.656      0.649      0.805      0.640      0.648      0.648      0.648      0.648      0.648      0.656      0.648      0.656      0.648 
# 48      0.648      0.656      0.650      0.806      0.648      0.648      0.656      0.648      0.656      0.648      0.648      0.648      0.648      0.648 
# 49      0.648      0.656      0.650      0.806      0.648      0.648      0.656      0.648      0.648      0.648      0.648      0.648      0.656      0.648 
# 50      0.648      0.656      0.650      0.806      0.648      0.648      0.648      0.648      0.648      0.648      0.648      0.656      0.648      0.656 
# 51      0.640      0.656      0.648      0.805      0.640      0.648      0.648      0.656      0.648      0.648      0.648      0.648      0.648      0.648 
# 52      0.640      0.648      0.647      0.804      0.640      0.648      0.648      0.648      0.648      0.648      0.648      0.648      0.648      0.648 
# 53      0.640      0.656      0.649      0.805      0.640      0.648      0.648      0.656      0.648      0.656      0.648      0.648      0.648      0.648 
# 54      0.648      0.648      0.648      0.805      0.648      0.648      0.648      0.648      0.648      0.648      0.648      0.648      0.648      0.648 
# 55      0.648      0.656      0.649      0.805      0.648      0.648      0.648      0.648      0.648      0.648      0.648      0.648      0.656      0.648 
# 56      0.648      0.656      0.649      0.805      0.648      0.648      0.648      0.648      0.648      0.648      0.648      0.648      0.656      0.648 
# 57      0.640      0.656      0.648      0.805      0.640      0.648      0.648      0.648      0.648      0.648      0.648      0.648      0.656      0.648 
# 58      0.640      0.648      0.647      0.804      0.640      0.648      0.648      0.648      0.648      0.648      0.648      0.648      0.648      0.648 
# 59      0.640      0.656      0.649      0.805      0.640      0.648      0.648      0.648      0.648      0.648      0.648      0.656      0.648      0.656 
# 60      0.640      0.656      0.648      0.805      0.640      0.648      0.648      0.656      0.648      0.648      0.648      0.648      0.648      0.648 
# 61      0.640      0.656      0.649      0.805      0.640      0.648      0.656      0.648      0.648      0.648      0.648      0.648      0.656      0.648 
# 62      0.640      0.648      0.647      0.804      0.640      0.648      0.648      0.648      0.648      0.648      0.648      0.648      0.648      0.648 
# 63      0.640      0.656      0.649      0.805      0.640      0.656      0.648      0.656      0.648      0.648      0.648      0.648      0.648      0.648 
# 64      0.640      0.648      0.647      0.804      0.640      0.648      0.648      0.648      0.648      0.648      0.648      0.648      0.648      0.648 
# 65      0.640      0.656      0.649      0.805      0.640      0.648      0.648      0.648      0.648      0.648      0.656      0.648      0.656      0.648 
# 66      0.648      0.656      0.650      0.806      0.648      0.648      0.656      0.648      0.656      0.648      0.648      0.648      0.648      0.648 
# 67      0.648      0.656      0.650      0.806      0.648      0.648      0.656      0.648      0.648      0.648      0.648      0.648      0.656      0.648 
# 68      0.648      0.656      0.650      0.806      0.648      0.648      0.648      0.648      0.648      0.648      0.648      0.656      0.648      0.656 
# 69      0.640      0.656      0.649      0.805      0.640      0.648      0.648      0.656      0.648      0.656      0.648      0.648      0.648      0.648 
# 70      0.648      0.648      0.648      0.805      0.648      0.648      0.648      0.648      0.648      0.648      0.648      0.648      0.648      0.648 
# 71      0.648      0.656      0.649      0.805      0.648      0.648      0.648      0.648      0.648      0.648      0.648      0.648      0.656      0.648 
# 72      0.648      0.656      0.649      0.805      0.648      0.648      0.648      0.648      0.648      0.648      0.648      0.648      0.656      0.648 
# 73      0.648      0.648      0.648      0.805      0.648      0.648      0.648      0.648      0.648      0.648      0.648      0.648      0.648      0.648 
# 74      0.648      0.648      0.648      0.805      0.648      0.648      0.648      0.648      0.648      0.648      0.648      0.648      0.648      0.648 
# 75      0.640      0.656      0.648      0.805      0.640      0.648      0.648      0.648      0.648      0.648      0.648      0.648      0.656      0.648 
# 76      0.640      0.648      0.647      0.804      0.640      0.648      0.648      0.648      0.648      0.648      0.648      0.648      0.648      0.648 
# 77      0.640      0.656      0.649      0.805      0.640      0.648      0.648      0.648      0.648      0.648      0.648      0.656      0.648      0.656 
# 78      0.640      0.656      0.648      0.805      0.640      0.648      0.648      0.656      0.648      0.648      0.648      0.648      0.648      0.648 
# 79      0.640      0.656      0.649      0.805      0.640      0.648      0.656      0.648      0.648      0.648      0.648      0.648      0.656      0.648 
# 80      0.640      0.648      0.647      0.804      0.640      0.648      0.648      0.648      0.648      0.648      0.648      0.648      0.648      0.648 
# 81      0.640      0.656      0.649      0.805      0.640      0.656      0.648      0.656      0.648      0.648      0.648      0.648      0.648      0.648 
# 82      0.640      0.648      0.647      0.804      0.640      0.648      0.648      0.648      0.648      0.648      0.648      0.648      0.648      0.648 
# 83      0.640      0.656      0.649      0.805      0.640      0.648      0.648      0.648      0.648      0.648      0.656      0.648      0.656      0.648 
# 84      0.648      0.656      0.650      0.806      0.648      0.648      0.656      0.648      0.656      0.648      0.648      0.648      0.648      0.648 
# 85      0.648      0.656      0.649      0.805      0.648      0.648      0.648      0.648      0.648      0.648      0.648      0.648      0.648      0.656 
# 86      0.640      0.656      0.649      0.805      0.640      0.648      0.648      0.656      0.648      0.648      0.648      0.648      0.648      0.656 
# 87      0.640      0.656      0.648      0.805      0.640      0.648      0.648      0.648      0.656      0.648      0.648      0.648      0.648      0.648 
# 88      0.640      0.656      0.648      0.805      0.640      0.648      0.648      0.648      0.656      0.648      0.648      0.648      0.648      0.648 
# 89      0.640      0.656      0.649      0.805      0.640      0.648      0.648      0.656      0.648      0.648      0.648      0.648      0.648      0.656 
# 90      0.640      0.656      0.649      0.805      0.640      0.648      0.648      0.656      0.648      0.648      0.648      0.648      0.648      0.656 
# 91      0.640      0.656      0.648      0.805      0.640      0.648      0.648      0.648      0.648      0.648      0.648      0.648      0.656      0.648 
# 92      0.648      0.656      0.650      0.806      0.648      0.648      0.656      0.648      0.648      0.648      0.648      0.648      0.656      0.648 
# 93      0.640      0.656      0.648      0.805      0.640      0.648      0.648      0.648      0.648      0.648      0.648      0.648      0.656      0.648 
