#  n   min [us]   max [us]  mean [us]    sd [us] measurements [us]
#  0      0.099      0.162      0.110      0.332      0.162      0.126      0.099      0.105      0.105      0.099      0.099      0.105      0.105      0.099 
#  1      0.102      0.105      0.103      0.321      0.105      0.102      0.102      0.102      0.105      0.102      0.102      0.102      0.105      0.102 
#  2      0.111      0.171      0.125      0.354      0.171      0.171      0.114      0.117      0.111      0.114      0.114      0.111      0.114      0.117 
#  3      0.114      0.159      0.124      0.352      0.159      0.159      0.114      0.114      0.114      0.117      0.117      0.114      0.117      0.117 
#  4      0.114      0.168      0.125      0.353      0.168      0.135      0.114      0.120      0.117      0.117      0.117      0.120      0.120      0.120 
#  5      0.117      0.183      0.130      0.360      0.183      0.174      0.117      0.117      0.120      0.120      0.117      0.117      0.117      0.117 
#  6      0.117      0.162      0.127      0.356      0.162      0.153      0.117      0.117      0.120      0.123      0.120      0.117      0.117      0.120 
#  7      0.120      0.162      0.132      0.363      0.162      0.162      0.126      0.123      0.123      0.126      0.126      0.123      0.120      0.126 
#  8      0.114      0.189      0.132      0.363      0.189      0.159      0.144      0.120      0.117      0.120      0.120      0.117      0.114      0.117 
#  9      0.114      0.174      0.132      0.363      0.171      0.174      0.156      0.120      0.120      0.114      0.114      0.117      0.117      0.114 
# 10      0.120      0.174      0.131      0.362      0.174      0.156      0.123      0.120      0.123      0.123      0.123      0.123      0.120      0.123 
# 11      0.126      0.210      0.147      0.383      0.210      0.195      0.162      0.129      0.126      0.129      0.132      0.129      0.129      0.129 
# 12      0.123      0.177      0.132      0.363      0.177      0.156      0.123      0.123      0.123      0.123      0.123      0.123      0.123      0.123 
# 13      0.126      0.192      0.142      0.377      0.192      0.177      0.153      0.129      0.129      0.132      0.129      0.126      0.126      0.126 
# 14      0.126      0.180      0.142      0.377      0.180      0.180      0.153      0.132      0.129      0.129      0.129      0.132      0.126      0.129 
# 15      0.132      0.198      0.149      0.386      0.198      0.198      0.159      0.132      0.132      0.132      0.135      0.135      0.135      0.135 
# 16      0.120      0.198      0.135      0.367      0.198      0.171      0.123      0.123      0.123      0.123      0.123      0.123      0.120      0.123 
# 17      0.120      0.204      0.143      0.379      0.204      0.189      0.180      0.120      0.123      0.123      0.120      0.123      0.126      0.126 
# 18      0.126      0.207      0.142      0.377      0.207      0.174      0.147      0.126      0.129      0.126      0.126      0.129      0.129      0.126 
# 19      0.135      0.192      0.149      0.386      0.192      0.174      0.180      0.135      0.135      0.135      0.135      0.135      0.135      0.135 
# 20      0.126      0.195      0.139      0.372      0.195      0.177      0.126      0.129      0.129      0.126      0.126      0.126      0.126      0.126 
# 21      0.129      0.207      0.148      0.385      0.207      0.180      0.180      0.129      0.132      0.129      0.129      0.129      0.129      0.135 
# 22      0.132      0.183      0.145      0.381      0.183      0.165      0.168      0.132      0.132      0.132      0.132      0.135      0.135      0.135 
# 23      0.135      0.198      0.157      0.396      0.198      0.198      0.198      0.138      0.141      0.141      0.135      0.141      0.141      0.135 
# 24      0.126      0.192      0.136      0.369      0.192      0.162      0.126      0.126      0.126      0.126      0.126      0.126      0.126      0.126 
# 25      0.126      0.195      0.145      0.381      0.195      0.186      0.165      0.129      0.132      0.126      0.129      0.132      0.129      0.129 
# 26      0.135      0.198      0.151      0.388      0.198      0.195      0.171      0.135      0.135      0.135      0.135      0.135      0.135      0.135 
# 27      0.135      0.216      0.156      0.395      0.216      0.201      0.177      0.138      0.138      0.141      0.135      0.135      0.141      0.138 
# 28      0.132      0.198      0.144      0.380      0.198      0.168      0.150      0.132      0.132      0.132      0.132      0.132      0.132      0.135 
# 29      0.132      0.198      0.150      0.387      0.198      0.183      0.168      0.135      0.135      0.135      0.132      0.138      0.138      0.138 
# 30      0.135      0.189      0.153      0.391      0.189      0.189      0.174      0.141      0.138      0.138      0.141      0.141      0.135      0.141 
# 31      0.144      0.219      0.161      0.401      0.219      0.204      0.177      0.147      0.144      0.144      0.144      0.144      0.144      0.144 
# 32      0.126      0.201      0.142      0.377      0.201      0.171      0.147      0.129      0.129      0.129      0.126      0.126      0.129      0.132 
# 33      0.126      0.222      0.150      0.387      0.222      0.207      0.180      0.126      0.126      0.129      0.129      0.126      0.126      0.126 
# 34      0.129      0.225      0.152      0.390      0.225      0.210      0.162      0.132      0.132      0.129      0.132      0.132      0.132      0.132 
# 35      0.138      0.210      0.157      0.396      0.210      0.198      0.183      0.138      0.138      0.138      0.138      0.141      0.141      0.141 
# 36      0.129      0.195      0.147      0.383      0.195      0.177      0.171      0.135      0.132      0.129      0.132      0.129      0.132      0.135 
# 37      0.132      0.213      0.158      0.397      0.207      0.213      0.204      0.135      0.138      0.135      0.138      0.138      0.132      0.135 
# 38      0.135      0.222      0.156      0.395      0.222      0.201      0.171      0.141      0.138      0.138      0.135      0.135      0.138      0.138 
# 39      0.141      0.231      0.163      0.404      0.231      0.216      0.183      0.144      0.144      0.141      0.144      0.144      0.144      0.144 
# 40      0.129      0.204      0.150      0.387      0.192      0.204      0.177      0.135      0.135      0.129      0.132      0.132      0.129      0.132 
# 41      0.129      0.198      0.150      0.388      0.198      0.195      0.180      0.132      0.129      0.132      0.132      0.135      0.135      0.135 
# 42      0.138      0.201      0.154      0.393      0.201      0.186      0.186      0.138      0.141      0.138      0.141      0.138      0.138      0.138 
# 43      0.141      0.237      0.168      0.410      0.237      0.216      0.219      0.144      0.144      0.144      0.141      0.144      0.144      0.144 
# 44      0.135      0.216      0.157      0.397      0.216      0.213      0.183      0.138      0.141      0.138      0.138      0.135      0.135      0.138 
# 45      0.138      0.246      0.165      0.406      0.246      0.213      0.204      0.138      0.141      0.141      0.141      0.141      0.144      0.141 
# 46      0.141      0.204      0.158      0.398      0.204      0.195      0.180      0.144      0.141      0.144      0.144      0.144      0.144      0.144 
# 47      0.150      0.237      0.169      0.411      0.237      0.201      0.189      0.150      0.153      0.153      0.150      0.150      0.150      0.153 
# 48      0.129      0.198      0.143      0.379      0.198      0.180      0.129      0.132      0.132      0.132      0.132      0.129      0.135      0.135 
# 49      0.129      0.216      0.155      0.394      0.216      0.216      0.198      0.132      0.135      0.132      0.129      0.132      0.129      0.132 
# 50      0.138      0.216      0.158      0.398      0.216      0.213      0.183      0.138      0.141      0.141      0.138      0.138      0.138      0.138 
# 51      0.141      0.222      0.162      0.402      0.222      0.201      0.192      0.144      0.141      0.144      0.144      0.144      0.144      0.144 
# 52      0.135      0.204      0.153      0.391      0.204      0.189      0.171      0.138      0.141      0.135      0.135      0.138      0.138      0.138 
# 53      0.138      0.216      0.159      0.399      0.216      0.201      0.189      0.144      0.141      0.138      0.141      0.141      0.141      0.141 
# 54      0.141      0.207      0.157      0.397      0.207      0.192      0.171      0.144      0.144      0.144      0.144      0.144      0.144      0.141 
# 55      0.147      0.225      0.168      0.410      0.225      0.219      0.207      0.147      0.147      0.147      0.150      0.147      0.147      0.147 
# 56      0.135      0.213      0.151      0.389      0.213      0.183      0.153      0.138      0.141      0.138      0.138      0.138      0.135      0.135 
# 57      0.135      0.231      0.162      0.402      0.231      0.216      0.204      0.135      0.135      0.138      0.141      0.141      0.138      0.138 
# 58      0.141      0.204      0.160      0.399      0.204      0.195      0.192      0.144      0.141      0.144      0.144      0.144      0.144      0.144 
# 59      0.150      0.210      0.166      0.407      0.210      0.195      0.195      0.150      0.153      0.153      0.150      0.150      0.150      0.153 
# 60      0.141      0.213      0.161      0.402      0.213      0.207      0.192      0.144      0.141      0.144      0.144      0.141      0.144      0.144 
# 61      0.144      0.228      0.166      0.407      0.228      0.216      0.189      0.144      0.150      0.147      0.144      0.144      0.147      0.147 
# 62      0.147      0.225      0.164      0.405      0.225      0.195      0.192      0.147      0.147      0.147      0.150      0.147      0.147      0.147 
# 63      0.153      0.234      0.177      0.420      0.222      0.234      0.222      0.156      0.153      0.153      0.156      0.156      0.156      0.159 
# 64      0.129      0.210      0.145      0.381      0.210      0.174      0.147      0.129      0.129      0.135      0.135      0.129      0.132      0.132 
# 65      0.129      0.225      0.156      0.395      0.219      0.225      0.195      0.129      0.132      0.135      0.135      0.132      0.129      0.129 
# 66      0.135      0.228      0.160      0.400      0.228      0.213      0.195      0.141      0.141      0.138      0.135      0.135      0.138      0.138 
# 67      0.138      0.231      0.167      0.409      0.228      0.231      0.219      0.138      0.144      0.144      0.141      0.144      0.141      0.141 
# 68      0.132      0.210      0.155      0.394      0.210      0.210      0.180      0.132      0.135      0.138      0.138      0.138      0.135      0.138 
# 69      0.138      0.228      0.161      0.401      0.228      0.210      0.198      0.138      0.141      0.141      0.138      0.138      0.141      0.138 
# 70      0.141      0.243      0.165      0.407      0.243      0.216      0.192      0.144      0.144      0.141      0.144      0.141      0.144      0.144 
# 71      0.147      0.234      0.170      0.412      0.219      0.234      0.207      0.147      0.147      0.150      0.147      0.147      0.147      0.150 
# 72      0.135      0.225      0.158      0.398      0.213      0.225      0.192      0.135      0.135      0.135      0.138      0.135      0.138      0.138 
# 73      0.135      0.231      0.162      0.403      0.228      0.231      0.204      0.138      0.138      0.138      0.135      0.135      0.138      0.138 
# 74      0.141      0.246      0.166      0.408      0.246      0.216      0.198      0.144      0.144      0.141      0.144      0.141      0.144      0.144 
# 75      0.147      0.213      0.165      0.406      0.207      0.213      0.195      0.150      0.147      0.147      0.147      0.150      0.147      0.147 
