#  n   min [us]   max [us]  mean [us]    sd [us] measurements [us]
#  0      0.036      2.308      0.415      0.847      2.308      0.036      0.036      0.036      0.036      0.036
#  1      0.035      0.039      0.036      0.001      0.039      0.035      0.036      0.035      0.036      0.036
#  2      0.613      3.207      1.093      0.948      3.207      0.818      0.635      0.658      0.624      0.613
#  3      0.720      0.916      0.776      0.067      0.916      0.788      0.753      0.753      0.725      0.720
#  4      0.708      0.803      0.736      0.032      0.803      0.715      0.744      0.730      0.708      0.715
#  5      0.853      1.000      0.900      0.049      1.000      0.895      0.915      0.866      0.872      0.853
#  6      0.851      0.970      0.897      0.038      0.970      0.891      0.912      0.885      0.871      0.851
#  7      1.029      1.141      1.060      0.037      1.141      1.050      1.045      1.051      1.047      1.029
#  8      0.852      0.953      0.889      0.035      0.953      0.870      0.917      0.868      0.874      0.852
#  9      1.030      1.116      1.055      0.029      1.116      1.056      1.049      1.048      1.030      1.030
# 10      1.007      1.110      1.042      0.041      1.110      1.018      1.089      1.008      1.023      1.007
# 11      1.147      1.208      1.177      0.020      1.208      1.185      1.176      1.160      1.147      1.188
# 12      1.017      1.089      1.045      0.023      1.089      1.054      1.027      1.039      1.017      1.043
# 13      1.137      1.201      1.164      0.019      1.201      1.154      1.163      1.168      1.137      1.163
# 14      1.174      1.243      1.204      0.021      1.243      1.199      1.199      1.214      1.174      1.197
# 15      1.319      1.376      1.357      0.018      1.376      1.359      1.368      1.365      1.319      1.358
# 16      0.989      1.083      1.028      0.028      1.083      1.017      1.020      1.031      0.989      1.027
# 17      1.139      1.201      1.170      0.021      1.201      1.168      1.139      1.180      1.150      1.184
# 18      1.134      1.239      1.175      0.034      1.239      1.197      1.168      1.163      1.134      1.151
# 19      1.303      1.395      1.351      0.031      1.344      1.375      1.395      1.322      1.303      1.366
# 20      1.155      1.264      1.195      0.037      1.264      1.183      1.219      1.161      1.189      1.155
# 21      1.273      1.349      1.307      0.024      1.349      1.311      1.303      1.290      1.273      1.318
# 22      1.292      1.349      1.319      0.018      1.349      1.319      1.309      1.313      1.292      1.331
# 23      1.309      4.662      1.953      1.214      1.503      1.477      1.453      4.662      1.309      1.314
# 24      1.039      1.120      1.073      0.026      1.120      1.081      1.050      1.076      1.039      1.074
# 25      1.179      1.236      1.205      0.017      1.236      1.200      1.204      1.210      1.179      1.199
# 26      1.158      1.230      1.196      0.021      1.230      1.202      1.199      1.203      1.158      1.187
# 27      1.316      1.362      1.335      0.016      1.362      1.324      1.324      1.344      1.316      1.342
# 28      1.221      1.274      1.255      0.017      1.274      1.267      1.247      1.262      1.221      1.259
# 29      1.353      1.399      1.376      0.016      1.399      1.387      1.353      1.377      1.356      1.383
# 30      1.327      1.390      1.359      0.019      1.390      1.365      1.327      1.361      1.362      1.348
# 31      1.466      1.516      1.486      0.017      1.516      1.470      1.500      1.486      1.466      1.479
# 32      1.044      1.124      1.073      0.025      1.124      1.060      1.064      1.080      1.044      1.068
# 33      1.187      1.233      1.200      0.016      1.233      1.188      1.203      1.189      1.198      1.187
# 34      1.169      1.242      1.195      0.024      1.242      1.194      1.185      1.203      1.176      1.169
# 35      1.435      4.702      1.987      1.214      4.702      1.435      1.449      1.442      1.458      1.437
# 36      1.290      1.700      1.394      0.139      1.700      1.373      1.324      1.348      1.290      1.331
# 37      1.490      1.578      1.515      0.030      1.578      1.503      1.492      1.508      1.517      1.490
# 38      1.483      1.548      1.506      0.022      1.548      1.483      1.517      1.502      1.497      1.488
# 39      1.613      1.717      1.651      0.032      1.717      1.641      1.643      1.652      1.641      1.613
# 40      1.290      1.516      1.349      0.078      1.516      1.297      1.363      1.316      1.310      1.290
# 41      1.442      1.515      1.460      0.025      1.515      1.459      1.443      1.442      1.454      1.445
# 42      1.310      1.497      1.427      0.058      1.497      1.430      1.416      1.455      1.451      1.310
# 43      1.417      1.467      1.447      0.018      1.463      1.434      1.437      1.462      1.417      1.467
# 44      1.322      1.356      1.333      0.012      1.356      1.327      1.326      1.340      1.322      1.328
# 45      1.433      1.500      1.460      0.020      1.500      1.464      1.458      1.455      1.448      1.433
# 46      1.425      1.520      1.463      0.031      1.520      1.479      1.453      1.463      1.425      1.437
# 47      1.557      1.639      1.584      0.027      1.639      1.557      1.580      1.582      1.581      1.563
# 48      1.163      1.278      1.206      0.035      1.278      1.199      1.210      1.189      1.195      1.163
# 49      1.313      1.393      1.336      0.027      1.393      1.328      1.319      1.322      1.343      1.313
# 50      1.288      1.388      1.326      0.031      1.388      1.327      1.320      1.328      1.305      1.288
# 51      1.432      1.505      1.468      0.022      1.505      1.466      1.471      1.478      1.455      1.432
# 52      1.307      1.371      1.335      0.021      1.371      1.325      1.346      1.338      1.307      1.320
# 53      1.431      1.517      1.460      0.028      1.517      1.455      1.463      1.457      1.431      1.435
# 54      1.446      1.531      1.471      0.028      1.531      1.452      1.458      1.466      1.475      1.446
# 55      1.560      1.672      1.601      0.036      1.672      1.591      1.583      1.616      1.560      1.581
# 56      1.348      1.427      1.373      0.026      1.427      1.355      1.380      1.359      1.368      1.348
# 57      1.484      1.572      1.519      0.028      1.572      1.484      1.529      1.506      1.522      1.500
# 58      1.465      1.566      1.507      0.034      1.566      1.498      1.526      1.511      1.465      1.474
# 59      1.614      1.714      1.645      0.033      1.714      1.631      1.653      1.632      1.626      1.614
# 60      1.468      1.547      1.488      0.027      1.547      1.468      1.489      1.480      1.477      1.469
# 61      1.602      1.664      1.627      0.022      1.664      1.602      1.645      1.614      1.626      1.609
# 62      1.589      1.642      1.603      0.019      1.642      1.595      1.609      1.595      1.589      1.589
# 63      1.728      1.762      1.745      0.012      1.750      1.743      1.728      1.753      1.732      1.762
# 64      1.157      1.234      1.193      0.024      1.234      1.178      1.184      1.201      1.157      1.205
# 65      1.306      1.346      1.325      0.013      1.346      1.323      1.335      1.325      1.306      1.317
# 66      1.299      1.361      1.321      0.021      1.361      1.327      1.313      1.323      1.302      1.299
# 67      1.434      1.473      1.452      0.013      1.473      1.448      1.441      1.465      1.434      1.448
# 68      1.295      1.350      1.320      0.020      1.350      1.322      1.312      1.301      1.295      1.342
# 69      1.420      1.496      1.460      0.025      1.496      1.469      1.420      1.470      1.435      1.468
# 70      1.431      1.491      1.464      0.019      1.491      1.472      1.451      1.465      1.431      1.477
# 71      1.566      1.890      1.629      0.117      1.890      1.566      1.585      1.592      1.567      1.574
# 72      1.361      1.424      1.376      0.022      1.424      1.362      1.374      1.361      1.362      1.372
# 73      1.467      1.539      1.496      0.023      1.539      1.501      1.479      1.499      1.489      1.467
# 74      1.480      1.532      1.504      0.021      1.530      1.489      1.510      1.532      1.480      1.485
# 75      1.617      1.658      1.635      0.016      1.658      1.620      1.638      1.654      1.626      1.617
# 76      1.477      1.565      1.508      0.029      1.565      1.505      1.482      1.503      1.477      1.516
# 77      1.599      1.647      1.627      0.017      1.644      1.623      1.599      1.647      1.616      1.632
# 78      1.583      1.676      1.626      0.028      1.676      1.611      1.619      1.637      1.583      1.628
# 79      1.717      1.786      1.748      0.026      1.786      1.724      1.754      1.775      1.717      1.732
# 80      1.296      1.467      1.339      0.059      1.467      1.296      1.336      1.303      1.300      1.331
# 81      1.424      1.481      1.449      0.017      1.481      1.447      1.451      1.448      1.424      1.442
# 82      1.426      1.486      1.452      0.019      1.486      1.451      1.426      1.463      1.440      1.446
# 83      1.561      1.604      1.581      0.014      1.604      1.561      1.589      1.584      1.571      1.578
# 84      1.425      1.470      1.452      0.015      1.470      1.459      1.454      1.442      1.425      1.460
# 85      1.556      1.630      1.580      0.024      1.630      1.556      1.559      1.572      1.579      1.582
# 86      1.576      1.638      1.600      0.020      1.638      1.576      1.600      1.599      1.581      1.608
# 87      1.701      1.764      1.724      0.021      1.764      1.701      1.706      1.723      1.714      1.735
# 88      1.454      1.538      1.480      0.028      1.538      1.468      1.457      1.476      1.454      1.488
# 89      1.575      1.621      1.600      0.017      1.619      1.600      1.585      1.621      1.575      1.602
# 90      1.556      1.612      1.588      0.019      1.608      1.594      1.556      1.612      1.582      1.575
# 91      1.697      1.744      1.724      0.014      1.744      1.726      1.719      1.729      1.697      1.731
# 92      1.582      1.655      1.614      0.023      1.655      1.629      1.599      1.614      1.582      1.603
# 93      1.720      1.772      1.738      0.020      1.772      1.721      1.720      1.756      1.722      1.736
